0.000000	2.000000	2.000000	67.000000	69.000000	0.000000	1.200000	3.000000	0.000000	240.000000	
2.000000	2.000000	2.000000	74.000000	97.000000	1.200000	1.200000	3.000000	240.000000	240.000000	
4.000000	2.000000	2.000000	70.000000	69.000000	2.400000	1.200000	3.000000	480.000000	240.000000	
6.000000	2.000000	2.000000	67.000000	69.000000	3.600000	1.200000	3.000000	720.000000	240.000000	
8.000000	2.000000	2.000000	66.000000	67.000000	4.800000	1.200000	3.000000	960.000000	240.000000	
10.000000	1.000000	2.000000	67.000000	78.000000	6.000000	0.600000	3.000000	1200.000000	120.000000	
11.000000	1.000000	2.000000	69.000000	82.000000	6.600000	0.600000	3.000000	1320.000000	120.000000	
12.000000	2.500000	2.000000	70.000000	84.000000	7.200000	1.500000	3.000000	1440.000000	300.000000	
14.500000	0.500000	2.000000	72.000000	81.000000	8.700000	0.300000	3.000000	1740.000000	60.000000	
15.000000	0.500000	2.000000	70.000000	77.000000	9.000000	0.300000	3.000000	1800.000000	60.000000	
15.500000	0.500000	2.000000	69.000000	74.000000	9.300000	0.300000	3.000000	1860.000000	60.000000	
16.000000	2.000000	1.000000	74.000000	68.000000	9.600000	1.200000	2.000000	1920.000000	240.000000	
16.000000	1.000000	2.000000	67.000000	74.000000	9.600000	0.600000	3.000000	1920.000000	120.000000	
17.000000	1.000000	2.000000	69.000000	82.000000	10.200000	0.600000	3.000000	2040.000000	120.000000	
18.000000	2.000000	1.000000	79.000000	89.000000	10.800000	1.200000	2.000000	2160.000000	240.000000	
18.000000	1.000000	2.000000	70.000000	76.000000	10.800000	0.600000	3.000000	2160.000000	120.000000	
19.000000	1.000000	2.000000	72.000000	79.000000	11.400000	0.600000	3.000000	2280.000000	120.000000	
20.000000	2.000000	1.000000	77.000000	74.000000	12.000000	1.200000	2.000000	2400.000000	240.000000	
20.000000	1.000000	2.000000	74.000000	83.000000	12.000000	0.600000	3.000000	2400.000000	120.000000	
21.000000	0.500000	2.000000	62.000000	58.000000	12.600000	0.300000	3.000000	2520.000000	60.000000	
21.500000	0.500000	2.000000	64.000000	73.000000	12.900000	0.300000	3.000000	2580.000000	60.000000	
22.000000	2.000000	1.000000	74.000000	70.000000	13.200000	1.200000	2.000000	2640.000000	240.000000	
22.000000	0.500000	2.000000	65.000000	83.000000	13.200000	0.300000	3.000000	2640.000000	60.000000	
22.500000	0.500000	2.000000	62.000000	66.000000	13.500000	0.300000	3.000000	2700.000000	60.000000	
23.000000	1.500000	2.000000	70.000000	92.000000	13.800000	0.900000	3.000000	2760.000000	180.000000	
24.000000	2.000000	1.000000	73.000000	73.000000	14.400000	1.200000	2.000000	2880.000000	240.000000	
24.500000	0.500000	2.000000	64.000000	64.000000	14.700000	0.300000	3.000000	2940.000000	60.000000	
25.000000	1.500000	2.000000	69.000000	88.000000	15.000000	0.900000	3.000000	3000.000000	180.000000	
26.000000	1.000000	1.000000	74.000000	82.000000	15.600000	0.600000	2.000000	3120.000000	120.000000	
26.500000	0.500000	2.000000	70.000000	80.000000	15.900000	0.300000	3.000000	3180.000000	60.000000	
27.000000	1.000000	1.000000	76.000000	81.000000	16.200000	0.600000	2.000000	3240.000000	120.000000	
27.000000	0.500000	2.000000	69.000000	74.000000	16.200000	0.300000	3.000000	3240.000000	60.000000	
27.500000	0.500000	2.000000	67.000000	71.000000	16.500000	0.300000	3.000000	3300.000000	60.000000	
28.000000	2.500000	1.000000	77.000000	81.000000	16.800000	1.500000	2.000000	3360.000000	300.000000	
28.000000	1.000000	2.000000	69.000000	80.000000	16.800000	0.600000	3.000000	3360.000000	120.000000	
29.000000	1.000000	2.000000	71.000000	81.000000	17.400000	0.600000	3.000000	3480.000000	120.000000	
30.000000	3.000000	2.000000	72.000000	78.000000	18.000000	1.800000	3.000000	3600.000000	360.000000	
30.500000	0.500000	1.000000	79.000000	80.000000	18.300000	0.300000	2.000000	3660.000000	60.000000	
31.000000	0.500000	1.000000	77.000000	72.000000	18.600000	0.300000	2.000000	3720.000000	60.000000	
31.500000	0.500000	1.000000	75.000000	68.000000	18.900000	0.300000	2.000000	3780.000000	60.000000	
32.000000	0.500000	1.000000	74.000000	71.000000	19.200000	0.300000	2.000000	3840.000000	60.000000	
32.000000	2.000000	4.000000	55.000000	67.000000	19.200000	1.200000	5.000000	3840.000000	240.000000	
32.500000	0.500000	1.000000	67.000000	63.000000	19.500000	0.300000	2.000000	3900.000000	60.000000	
33.000000	2.000000	1.000000	79.000000	96.000000	19.800000	1.200000	2.000000	3960.000000	240.000000	
33.000000	1.000000	2.000000	70.000000	70.000000	19.800000	0.600000	3.000000	3960.000000	120.000000	
34.000000	2.000000	2.000000	69.000000	75.000000	20.400000	1.200000	3.000000	4080.000000	240.000000	
34.000000	2.000000	4.000000	62.000000	84.000000	20.400000	1.200000	5.000000	4080.000000	240.000000	
35.000000	1.000000	1.000000	78.000000	78.000000	21.000000	0.600000	2.000000	4200.000000	120.000000	
36.000000	0.500000	1.000000	79.000000	80.000000	21.600000	0.300000	2.000000	4320.000000	60.000000	
36.000000	1.500000	2.000000	67.000000	73.000000	21.600000	0.900000	3.000000	4320.000000	180.000000	
36.000000	2.000000	4.000000	58.000000	76.000000	21.600000	1.200000	5.000000	4320.000000	240.000000	
36.500000	0.500000	1.000000	74.000000	66.000000	21.900000	0.300000	2.000000	4380.000000	60.000000	
37.000000	1.500000	1.000000	77.000000	80.000000	22.200000	0.900000	2.000000	4440.000000	180.000000	
37.500000	0.500000	2.000000	69.000000	80.000000	22.500000	0.300000	3.000000	4500.000000	60.000000	
38.000000	1.500000	2.000000	70.000000	78.000000	22.800000	0.900000	3.000000	4560.000000	180.000000	
38.000000	2.000000	4.000000	55.000000	71.000000	22.800000	1.200000	5.000000	4560.000000	240.000000	
38.500000	0.500000	1.000000	74.000000	66.000000	23.100000	0.300000	2.000000	4620.000000	60.000000	
39.000000	1.500000	1.000000	75.000000	81.000000	23.400000	0.900000	2.000000	4680.000000	180.000000	
39.500000	0.500000	2.000000	67.000000	73.000000	23.700000	0.300000	3.000000	4740.000000	60.000000	
40.000000	1.500000	2.000000	72.000000	86.000000	24.000000	0.900000	3.000000	4800.000000	180.000000	
40.000000	2.000000	4.000000	54.000000	72.000000	24.000000	1.200000	5.000000	4800.000000	240.000000	
40.500000	0.500000	1.000000	69.000000	67.000000	24.300000	0.300000	2.000000	4860.000000	60.000000	
41.000000	3.500000	1.000000	74.000000	86.000000	24.600000	2.100000	2.000000	4920.000000	420.000000	
41.500000	0.500000	2.000000	72.000000	78.000000	24.900000	0.300000	3.000000	4980.000000	60.000000	
42.000000	0.500000	2.000000	70.000000	76.000000	25.200000	0.300000	3.000000	5040.000000	60.000000	
42.000000	1.000000	4.000000	55.000000	81.000000	25.200000	0.600000	5.000000	5040.000000	120.000000	
42.500000	0.500000	2.000000	69.000000	74.000000	25.500000	0.300000	3.000000	5100.000000	60.000000	
43.000000	0.500000	2.000000	67.000000	72.000000	25.800000	0.300000	3.000000	5160.000000	60.000000	
43.000000	1.000000	4.000000	57.000000	83.000000	25.800000	0.600000	5.000000	5160.000000	120.000000	
43.500000	0.500000	2.000000	66.000000	74.000000	26.100000	0.300000	3.000000	5220.000000	60.000000	
44.000000	1.000000	2.000000	67.000000	78.000000	26.400000	0.600000	3.000000	5280.000000	120.000000	
44.000000	2.500000	4.000000	58.000000	72.000000	26.400000	1.500000	5.000000	5280.000000	300.000000	
44.500000	1.000000	1.000000	77.000000	84.000000	26.700000	0.600000	2.000000	5340.000000	120.000000	
45.000000	2.000000	2.000000	72.000000	85.000000	27.000000	1.200000	3.000000	5400.000000	240.000000	
45.500000	0.500000	1.000000	76.000000	75.000000	27.300000	0.300000	2.000000	5460.000000	60.000000	
46.000000	2.500000	1.000000	77.000000	80.000000	27.600000	1.500000	2.000000	5520.000000	300.000000	
46.500000	0.500000	4.000000	60.000000	81.000000	27.900000	0.300000	5.000000	5580.000000	60.000000	
47.000000	1.000000	2.000000	65.000000	62.000000	28.200000	0.600000	3.000000	5640.000000	120.000000	
47.000000	0.500000	4.000000	58.000000	72.000000	28.200000	0.300000	5.000000	5640.000000	60.000000	
47.500000	0.500000	4.000000	57.000000	70.000000	28.500000	0.300000	5.000000	5700.000000	60.000000	
48.000000	1.500000	2.000000	70.000000	86.000000	28.800000	0.900000	3.000000	5760.000000	180.000000	
48.000000	2.000000	3.000000	62.000000	77.000000	28.800000	1.200000	4.000000	5760.000000	240.000000	
48.000000	2.000000	4.000000	55.000000	78.000000	28.800000	1.200000	5.000000	5760.000000	240.000000	
48.500000	0.500000	1.000000	67.000000	59.000000	29.100000	0.300000	2.000000	5820.000000	60.000000	
49.000000	1.500000	1.000000	77.000000	90.000000	29.400000	0.900000	2.000000	5880.000000	180.000000	
49.500000	0.500000	2.000000	69.000000	76.000000	29.700000	0.300000	3.000000	5940.000000	60.000000	
50.000000	1.500000	2.000000	70.000000	81.000000	30.000000	0.900000	3.000000	6000.000000	180.000000	
50.000000	2.000000	3.000000	67.000000	83.000000	30.000000	1.200000	4.000000	6000.000000	240.000000	
50.500000	0.500000	1.000000	74.000000	72.000000	30.300000	0.300000	2.000000	6060.000000	60.000000	
51.000000	2.000000	1.000000	76.000000	77.000000	30.600000	1.200000	2.000000	6120.000000	240.000000	
51.500000	0.500000	2.000000	61.000000	61.000000	30.900000	0.300000	3.000000	6180.000000	60.000000	
52.000000	3.000000	2.000000	69.000000	88.000000	31.200000	1.800000	3.000000	6240.000000	360.000000	
52.000000	2.000000	3.000000	65.000000	72.000000	31.200000	1.200000	4.000000	6240.000000	240.000000	
53.000000	0.500000	1.000000	74.000000	72.000000	31.800000	0.300000	2.000000	6360.000000	60.000000	
53.000000	0.500000	4.000000	50.000000	70.000000	31.800000	0.300000	5.000000	6360.000000	60.000000	
53.500000	0.500000	1.000000	73.000000	67.000000	32.100000	0.300000	2.000000	6420.000000	60.000000	
53.500000	0.500000	4.000000	52.000000	77.000000	32.100000	0.300000	5.000000	6420.000000	60.000000	
54.000000	2.000000	1.000000	74.000000	77.000000	32.400000	1.200000	2.000000	6480.000000	240.000000	
54.000000	2.000000	3.000000	62.000000	70.000000	32.400000	1.200000	4.000000	6480.000000	240.000000	
54.000000	0.500000	4.000000	53.000000	77.000000	32.400000	0.300000	5.000000	6480.000000	60.000000	
54.500000	0.500000	4.000000	50.000000	73.000000	32.700000	0.300000	5.000000	6540.000000	60.000000	
55.000000	0.500000	2.000000	67.000000	78.000000	33.000000	0.300000	3.000000	6600.000000	60.000000	
55.000000	1.500000	4.000000	58.000000	82.000000	33.000000	0.900000	5.000000	6600.000000	180.000000	
55.500000	0.500000	2.000000	65.000000	68.000000	33.300000	0.300000	3.000000	6660.000000	60.000000	
56.000000	2.000000	1.000000	76.000000	81.000000	33.600000	1.200000	2.000000	6720.000000	240.000000	
56.000000	0.500000	2.000000	67.000000	81.000000	33.600000	0.300000	3.000000	6720.000000	60.000000	
56.000000	2.000000	3.000000	61.000000	71.000000	33.600000	1.200000	4.000000	6720.000000	240.000000	
56.500000	0.500000	2.000000	70.000000	84.000000	33.900000	0.300000	3.000000	6780.000000	60.000000	
56.500000	0.500000	4.000000	52.000000	68.000000	33.900000	0.300000	5.000000	6780.000000	60.000000	
57.000000	0.500000	2.000000	69.000000	76.000000	34.200000	0.300000	3.000000	6840.000000	60.000000	
57.000000	1.500000	4.000000	57.000000	83.000000	34.200000	0.900000	5.000000	6840.000000	180.000000	
57.500000	0.500000	2.000000	67.000000	68.000000	34.500000	0.300000	3.000000	6900.000000	60.000000	
58.000000	1.000000	1.000000	77.000000	78.000000	34.800000	0.600000	2.000000	6960.000000	120.000000	
58.000000	1.000000	2.000000	65.000000	72.000000	34.800000	0.600000	3.000000	6960.000000	120.000000	
58.000000	1.000000	3.000000	62.000000	78.000000	34.800000	0.600000	4.000000	6960.000000	120.000000	
58.500000	0.500000	4.000000	58.000000	82.000000	35.100000	0.300000	5.000000	7020.000000	60.000000	
59.000000	1.000000	1.000000	79.000000	81.000000	35.400000	0.600000	2.000000	7080.000000	120.000000	
59.000000	1.000000	3.000000	64.000000	77.000000	35.400000	0.600000	4.000000	7080.000000	120.000000	
59.000000	0.500000	4.000000	57.000000	76.000000	35.400000	0.300000	5.000000	7080.000000	60.000000	
59.500000	0.500000	4.000000	55.000000	76.000000	35.700000	0.300000	5.000000	7140.000000	60.000000	
60.000000	0.500000	1.000000	72.000000	57.000000	36.000000	0.300000	2.000000	7200.000000	60.000000	
60.000000	2.500000	3.000000	65.000000	83.000000	36.000000	1.500000	4.000000	7200.000000	300.000000	
60.000000	0.500000	4.000000	57.000000	80.000000	36.000000	0.300000	5.000000	7200.000000	60.000000	
60.500000	0.500000	1.000000	75.000000	78.000000	36.300000	0.300000	2.000000	7260.000000	60.000000	
60.500000	0.500000	4.000000	60.000000	81.000000	36.300000	0.300000	5.000000	7260.000000	60.000000	
61.000000	1.500000	1.000000	74.000000	71.000000	36.600000	0.900000	2.000000	7320.000000	180.000000	
61.000000	0.500000	4.000000	59.000000	77.000000	36.600000	0.300000	5.000000	7320.000000	60.000000	
61.500000	0.500000	4.000000	62.000000	83.000000	36.900000	0.300000	5.000000	7380.000000	60.000000	
62.000000	2.000000	4.000000	60.000000	69.000000	37.200000	1.200000	5.000000	7440.000000	240.000000	
62.500000	0.500000	1.000000	75.000000	81.000000	37.500000	0.300000	2.000000	7500.000000	60.000000	
62.500000	0.500000	3.000000	67.000000	80.000000	37.500000	0.300000	4.000000	7500.000000	60.000000	
63.000000	0.500000	1.000000	74.000000	77.000000	37.800000	0.300000	2.000000	7560.000000	60.000000	
63.000000	0.500000	3.000000	65.000000	73.000000	37.800000	0.300000	4.000000	7560.000000	60.000000	
63.500000	1.000000	1.000000	72.000000	76.000000	38.100000	0.600000	2.000000	7620.000000	120.000000	
63.500000	0.500000	3.000000	63.000000	72.000000	38.100000	0.300000	4.000000	7620.000000	60.000000	
64.000000	2.500000	3.000000	62.000000	71.000000	38.400000	1.500000	4.000000	7680.000000	300.000000	
64.000000	3.000000	4.000000	55.000000	71.000000	38.400000	1.800000	5.000000	7680.000000	360.000000	
64.500000	0.500000	1.000000	69.000000	67.000000	38.700000	0.300000	2.000000	7740.000000	60.000000	
65.000000	0.500000	1.000000	70.000000	80.000000	39.000000	0.300000	2.000000	7800.000000	60.000000	
65.500000	0.500000	1.000000	67.000000	71.000000	39.300000	0.300000	2.000000	7860.000000	60.000000	
66.000000	2.500000	1.000000	75.000000	92.000000	39.600000	1.500000	2.000000	7920.000000	300.000000	
66.500000	0.500000	3.000000	58.000000	69.000000	39.900000	0.300000	4.000000	7980.000000	60.000000	
67.000000	1.000000	3.000000	60.000000	76.000000	40.200000	0.600000	4.000000	8040.000000	120.000000	
67.000000	0.500000	4.000000	53.000000	73.000000	40.200000	0.300000	5.000000	8040.000000	60.000000	
67.500000	0.500000	4.000000	51.000000	74.000000	40.500000	0.300000	5.000000	8100.000000	60.000000	
68.000000	2.500000	3.000000	65.000000	86.000000	40.800000	1.500000	4.000000	8160.000000	300.000000	
68.000000	1.000000	4.000000	53.000000	80.000000	40.800000	0.600000	5.000000	8160.000000	120.000000	
68.500000	0.500000	1.000000	72.000000	72.000000	41.100000	0.300000	2.000000	8220.000000	60.000000	
69.000000	1.000000	1.000000	74.000000	81.000000	41.400000	0.600000	2.000000	8280.000000	120.000000	
69.000000	0.500000	4.000000	55.000000	78.000000	41.400000	0.300000	5.000000	8280.000000	60.000000	
69.500000	0.500000	4.000000	53.000000	72.000000	41.700000	0.300000	5.000000	8340.000000	60.000000	
70.000000	2.500000	1.000000	79.000000	85.000000	42.000000	1.500000	2.000000	8400.000000	300.000000	
70.000000	1.000000	4.000000	59.000000	82.000000	42.000000	0.600000	5.000000	8400.000000	120.000000	
70.500000	0.500000	3.000000	62.000000	71.000000	42.300000	0.300000	4.000000	8460.000000	60.000000	
71.000000	1.000000	3.000000	64.000000	83.000000	42.600000	0.600000	4.000000	8520.000000	120.000000	
71.000000	0.500000	4.000000	60.000000	80.000000	42.600000	0.300000	5.000000	8520.000000	60.000000	
71.500000	0.500000	4.000000	59.000000	74.000000	42.900000	0.300000	5.000000	8580.000000	60.000000	
72.000000	2.500000	3.000000	69.000000	90.000000	43.200000	1.500000	4.000000	8640.000000	300.000000	
72.000000	1.000000	4.000000	61.000000	82.000000	43.200000	0.600000	5.000000	8640.000000	120.000000	
72.500000	0.500000	1.000000	76.000000	68.000000	43.500000	0.300000	2.000000	8700.000000	60.000000	
73.000000	1.000000	1.000000	77.000000	78.000000	43.800000	0.600000	2.000000	8760.000000	120.000000	
73.000000	0.500000	4.000000	62.000000	78.000000	43.800000	0.300000	5.000000	8760.000000	60.000000	
73.500000	0.500000	4.000000	61.000000	76.000000	44.100000	0.300000	5.000000	8820.000000	60.000000	
74.000000	2.500000	1.000000	82.000000	85.000000	44.400000	1.500000	2.000000	8880.000000	300.000000	
74.000000	1.000000	4.000000	62.000000	76.000000	44.400000	0.600000	5.000000	8880.000000	120.000000	
74.500000	0.500000	3.000000	66.000000	75.000000	44.700000	0.300000	4.000000	8940.000000	60.000000	
75.000000	1.000000	3.000000	67.000000	80.000000	45.000000	0.600000	4.000000	9000.000000	120.000000	
75.000000	0.500000	4.000000	63.000000	79.000000	45.000000	0.300000	5.000000	9000.000000	60.000000	
75.500000	0.500000	4.000000	62.000000	70.000000	45.300000	0.300000	5.000000	9060.000000	60.000000	
76.000000	2.500000	3.000000	72.000000	83.000000	45.600000	1.500000	4.000000	9120.000000	300.000000	
76.000000	1.000000	4.000000	64.000000	79.000000	45.600000	0.600000	5.000000	9120.000000	120.000000	
76.500000	0.500000	1.000000	79.000000	71.000000	45.900000	0.300000	2.000000	9180.000000	60.000000	
77.000000	1.000000	1.000000	81.000000	82.000000	46.200000	0.600000	2.000000	9240.000000	120.000000	
77.000000	0.500000	4.000000	65.000000	77.000000	46.200000	0.300000	5.000000	9240.000000	60.000000	
77.500000	0.500000	4.000000	64.000000	76.000000	46.500000	0.300000	5.000000	9300.000000	60.000000	
78.000000	1.000000	1.000000	74.000000	62.000000	46.800000	0.600000	2.000000	9360.000000	120.000000	
78.000000	1.000000	4.000000	66.000000	83.000000	46.800000	0.600000	5.000000	9360.000000	120.000000	
78.500000	0.500000	3.000000	69.000000	69.000000	47.100000	0.300000	4.000000	9420.000000	60.000000	
79.000000	1.500000	1.000000	79.000000	84.000000	47.400000	0.900000	2.000000	9480.000000	180.000000	
79.000000	1.000000	3.000000	70.000000	81.000000	47.400000	0.600000	4.000000	9480.000000	120.000000	
79.000000	0.500000	4.000000	67.000000	80.000000	47.400000	0.300000	5.000000	9480.000000	60.000000	
79.500000	0.500000	4.000000	61.000000	69.000000	47.700000	0.300000	5.000000	9540.000000	60.000000	
80.000000	1.500000	3.000000	69.000000	73.000000	48.000000	0.900000	4.000000	9600.000000	180.000000	
80.000000	2.500000	4.000000	62.000000	76.000000	48.000000	1.500000	5.000000	9600.000000	300.000000	
80.500000	0.500000	1.000000	76.000000	66.000000	48.300000	0.300000	2.000000	9660.000000	60.000000	
81.000000	1.000000	1.000000	77.000000	80.000000	48.600000	0.600000	2.000000	9720.000000	120.000000	
81.500000	0.500000	3.000000	74.000000	86.000000	48.900000	0.300000	4.000000	9780.000000	60.000000	
82.000000	1.000000	1.000000	70.000000	61.000000	49.200000	0.600000	2.000000	9840.000000	120.000000	
82.000000	1.500000	3.000000	67.000000	65.000000	49.200000	0.900000	4.000000	9840.000000	180.000000	
82.500000	0.500000	4.000000	58.000000	72.000000	49.500000	0.300000	5.000000	9900.000000	60.000000	
83.000000	1.000000	1.000000	75.000000	84.000000	49.800000	0.600000	2.000000	9960.000000	120.000000	
83.000000	1.500000	4.000000	60.000000	78.000000	49.800000	0.900000	5.000000	9960.000000	180.000000	
83.500000	0.500000	3.000000	69.000000	76.000000	50.100000	0.300000	4.000000	10020.000000	60.000000	
84.000000	2.000000	1.000000	74.000000	74.000000	50.400000	1.200000	2.000000	10080.000000	240.000000	
84.000000	1.000000	3.000000	66.000000	69.000000	50.400000	0.600000	4.000000	10080.000000	120.000000	
84.500000	0.500000	4.000000	57.000000	73.000000	50.700000	0.300000	5.000000	10140.000000	60.000000	
85.000000	0.500000	3.000000	67.000000	78.000000	51.000000	0.300000	4.000000	10200.000000	60.000000	
85.000000	1.500000	4.000000	58.000000	78.000000	51.000000	0.900000	5.000000	10200.000000	180.000000	
85.500000	0.500000	3.000000	62.000000	63.000000	51.300000	0.300000	4.000000	10260.000000	60.000000	
86.000000	1.000000	1.000000	67.000000	65.000000	51.600000	0.600000	2.000000	10320.000000	120.000000	
86.000000	1.500000	3.000000	64.000000	80.000000	51.600000	0.900000	4.000000	10320.000000	180.000000	
86.500000	0.500000	4.000000	55.000000	74.000000	51.900000	0.300000	5.000000	10380.000000	60.000000	
87.000000	1.500000	1.000000	72.000000	85.000000	52.200000	0.900000	2.000000	10440.000000	180.000000	
87.000000	1.000000	4.000000	57.000000	83.000000	52.200000	0.600000	5.000000	10440.000000	120.000000	
87.500000	0.500000	3.000000	66.000000	80.000000	52.500000	0.300000	4.000000	10500.000000	60.000000	
88.000000	2.000000	2.000000	67.000000	66.000000	52.800000	1.200000	3.000000	10560.000000	240.000000	
88.000000	1.000000	3.000000	67.000000	79.000000	52.800000	0.600000	4.000000	10560.000000	120.000000	
88.000000	2.500000	4.000000	55.000000	74.000000	52.800000	1.500000	5.000000	10560.000000	300.000000	
88.500000	0.500000	1.000000	69.000000	68.000000	53.100000	0.300000	2.000000	10620.000000	60.000000	
89.000000	0.500000	1.000000	70.000000	80.000000	53.400000	0.300000	2.000000	10680.000000	60.000000	
89.000000	5.000000	3.000000	62.000000	70.000000	53.400000	3.000000	4.000000	10680.000000	600.000000	
89.500000	0.500000	1.000000	79.000000	94.000000	53.700000	0.300000	2.000000	10740.000000	60.000000	
90.000000	2.500000	1.000000	69.000000	59.000000	54.000000	1.500000	2.000000	10800.000000	300.000000	
90.000000	2.000000	2.000000	74.000000	94.000000	54.000000	1.200000	3.000000	10800.000000	240.000000	
90.500000	0.500000	4.000000	52.000000	75.000000	54.300000	0.300000	5.000000	10860.000000	60.000000	
91.000000	1.000000	4.000000	54.000000	81.000000	54.600000	0.600000	5.000000	10920.000000	120.000000	
92.000000	2.000000	2.000000	70.000000	70.000000	55.200000	1.200000	3.000000	11040.000000	240.000000	
92.000000	1.500000	4.000000	55.000000	81.000000	55.200000	0.900000	5.000000	11040.000000	180.000000	
92.500000	0.500000	1.000000	67.000000	68.000000	55.500000	0.300000	2.000000	11100.000000	60.000000	
93.000000	2.000000	1.000000	74.000000	89.000000	55.800000	1.200000	2.000000	11160.000000	240.000000	
93.500000	0.500000	4.000000	53.000000	76.000000	56.100000	0.300000	5.000000	11220.000000	60.000000	
94.000000	2.000000	2.000000	67.000000	65.000000	56.400000	1.200000	3.000000	11280.000000	240.000000	
94.000000	2.000000	3.000000	63.000000	82.000000	56.400000	1.200000	4.000000	11280.000000	240.000000	
94.000000	2.000000	4.000000	51.000000	79.000000	56.400000	1.200000	5.000000	11280.000000	240.000000	
95.000000	1.000000	1.000000	72.000000	73.000000	57.000000	0.600000	2.000000	11400.000000	120.000000	
96.000000	2.000000	1.000000	74.000000	80.000000	57.600000	1.200000	2.000000	11520.000000	240.000000	
96.000000	2.000000	2.000000	66.000000	72.000000	57.600000	1.200000	3.000000	11520.000000	240.000000	
96.000000	1.500000	4.000000	50.000000	73.000000	57.600000	0.900000	5.000000	11520.000000	180.000000	
96.500000	0.500000	3.000000	57.000000	68.000000	57.900000	0.300000	4.000000	11580.000000	60.000000	
97.000000	1.500000	3.000000	62.000000	88.000000	58.200000	0.900000	4.000000	11640.000000	180.000000	
97.500000	0.500000	4.000000	48.000000	74.000000	58.500000	0.300000	5.000000	11700.000000	60.000000	
98.000000	1.000000	2.000000	67.000000	79.000000	58.800000	0.600000	3.000000	11760.000000	120.000000	
98.000000	0.500000	4.000000	46.000000	75.000000	58.800000	0.300000	5.000000	11760.000000	60.000000	
98.500000	0.500000	3.000000	63.000000	79.000000	59.100000	0.300000	4.000000	11820.000000	60.000000	
98.500000	0.500000	4.000000	48.000000	82.000000	59.100000	0.300000	5.000000	11820.000000	60.000000	
99.000000	1.000000	2.000000	69.000000	78.000000	59.400000	0.600000	3.000000	11880.000000	120.000000	
99.000000	0.500000	3.000000	62.000000	74.000000	59.400000	0.300000	4.000000	11880.000000	60.000000	
99.000000	0.500000	4.000000	46.000000	75.000000	59.400000	0.300000	5.000000	11880.000000	60.000000	
99.500000	0.500000	3.000000	60.000000	73.000000	59.700000	0.300000	4.000000	11940.000000	60.000000	
99.500000	0.500000	4.000000	45.000000	73.000000	59.700000	0.300000	5.000000	11940.000000	60.000000	
100.000000	2.500000	2.000000	70.000000	80.000000	60.000000	1.500000	3.000000	12000.000000	300.000000	
100.000000	1.000000	3.000000	62.000000	77.000000	60.000000	0.600000	4.000000	12000.000000	120.000000	
100.000000	0.500000	4.000000	43.000000	71.000000	60.000000	0.300000	5.000000	12000.000000	60.000000	
100.500000	0.500000	4.000000	46.000000	75.000000	60.300000	0.300000	5.000000	12060.000000	60.000000	
101.000000	1.000000	3.000000	64.000000	82.000000	60.600000	0.600000	4.000000	12120.000000	120.000000	
101.000000	0.500000	4.000000	45.000000	76.000000	60.600000	0.300000	5.000000	12120.000000	60.000000	
101.500000	0.500000	4.000000	43.000000	73.000000	60.900000	0.300000	5.000000	12180.000000	60.000000	
102.000000	2.500000	3.000000	65.000000	80.000000	61.200000	1.500000	4.000000	12240.000000	300.000000	
102.000000	1.500000	4.000000	50.000000	83.000000	61.200000	0.900000	5.000000	12240.000000	180.000000	
102.500000	0.500000	2.000000	72.000000	79.000000	61.500000	0.300000	3.000000	12300.000000	60.000000	
103.000000	0.500000	2.000000	70.000000	74.000000	61.800000	0.300000	3.000000	12360.000000	60.000000	
103.500000	0.500000	2.000000	69.000000	73.000000	62.100000	0.300000	3.000000	12420.000000	60.000000	
103.500000	0.500000	4.000000	46.000000	70.000000	62.100000	0.300000	5.000000	12420.000000	60.000000	
104.000000	1.000000	2.000000	67.000000	75.000000	62.400000	0.600000	3.000000	12480.000000	120.000000	
104.000000	1.500000	4.000000	51.000000	80.000000	62.400000	0.900000	5.000000	12480.000000	180.000000	
104.500000	0.500000	3.000000	62.000000	71.000000	62.700000	0.300000	4.000000	12540.000000	60.000000	
105.000000	1.500000	2.000000	72.000000	86.000000	63.000000	0.900000	3.000000	12600.000000	180.000000	
105.000000	1.000000	3.000000	63.000000	79.000000	63.000000	0.600000	4.000000	12600.000000	120.000000	
105.500000	0.500000	4.000000	46.000000	72.000000	63.300000	0.300000	5.000000	12660.000000	60.000000	
106.000000	1.000000	3.000000	62.000000	75.000000	63.600000	0.600000	4.000000	12720.000000	120.000000	
106.000000	1.500000	4.000000	55.000000	85.000000	63.600000	0.900000	5.000000	12720.000000	180.000000	
106.500000	0.500000	2.000000	69.000000	72.000000	63.900000	0.300000	3.000000	12780.000000	60.000000	
107.000000	1.000000	2.000000	70.000000	81.000000	64.200000	0.600000	3.000000	12840.000000	120.000000	
107.000000	1.500000	3.000000	67.000000	85.000000	64.200000	0.900000	4.000000	12840.000000	180.000000	
107.500000	0.500000	4.000000	58.000000	76.000000	64.500000	0.300000	5.000000	12900.000000	60.000000	
108.000000	1.000000	2.000000	69.000000	76.000000	64.800000	0.600000	3.000000	12960.000000	120.000000	
108.000000	1.500000	4.000000	62.000000	84.000000	64.800000	0.900000	5.000000	12960.000000	180.000000	
108.500000	0.500000	3.000000	64.000000	70.000000	65.100000	0.300000	4.000000	13020.000000	60.000000	
109.000000	1.500000	2.000000	74.000000	83.000000	65.400000	0.900000	3.000000	13080.000000	180.000000	
109.000000	1.000000	3.000000	65.000000	77.000000	65.400000	0.600000	4.000000	13080.000000	120.000000	
109.500000	0.500000	4.000000	50.000000	69.000000	65.700000	0.300000	5.000000	13140.000000	60.000000	
110.000000	1.000000	3.000000	64.000000	75.000000	66.000000	0.600000	4.000000	13200.000000	120.000000	
110.000000	1.000000	4.000000	45.000000	70.000000	66.000000	0.600000	5.000000	13200.000000	120.000000	
110.500000	0.500000	2.000000	71.000000	69.000000	66.300000	0.300000	3.000000	13260.000000	60.000000	
111.000000	1.000000	2.000000	72.000000	82.000000	66.600000	0.600000	3.000000	13320.000000	120.000000	
111.000000	1.500000	3.000000	69.000000	84.000000	66.600000	0.900000	4.000000	13320.000000	180.000000	
112.000000	2.000000	1.000000	74.000000	68.000000	67.200000	1.200000	2.000000	13440.000000	240.000000	
112.000000	1.500000	2.000000	71.000000	72.000000	67.200000	0.900000	3.000000	13440.000000	180.000000	
112.500000	0.500000	3.000000	62.000000	63.000000	67.500000	0.300000	4.000000	13500.000000	60.000000	
113.000000	1.500000	3.000000	67.000000	83.000000	67.800000	0.900000	4.000000	13560.000000	180.000000	
113.500000	0.500000	2.000000	79.000000	90.000000	68.100000	0.300000	3.000000	13620.000000	60.000000	
114.000000	2.000000	1.000000	81.000000	86.000000	68.400000	1.200000	2.000000	13680.000000	240.000000	
114.000000	2.000000	2.000000	73.000000	68.000000	68.400000	1.200000	3.000000	13680.000000	240.000000	
114.000000	2.000000	4.000000	57.000000	65.000000	68.400000	1.200000	5.000000	13680.000000	240.000000	
114.500000	0.500000	3.000000	67.000000	77.000000	68.700000	0.300000	4.000000	13740.000000	60.000000	
115.000000	0.500000	3.000000	65.000000	72.000000	69.000000	0.300000	4.000000	13800.000000	60.000000	
115.500000	0.500000	3.000000	64.000000	76.000000	69.300000	0.300000	4.000000	13860.000000	60.000000	
116.000000	2.000000	1.000000	77.000000	70.000000	69.600000	1.200000	2.000000	13920.000000	240.000000	
116.000000	1.500000	2.000000	74.000000	84.000000	69.600000	0.900000	3.000000	13920.000000	180.000000	
116.000000	0.500000	3.000000	65.000000	78.000000	69.600000	0.300000	4.000000	13920.000000	60.000000	
116.000000	2.000000	4.000000	62.000000	81.000000	69.600000	1.200000	5.000000	13920.000000	240.000000	
116.500000	0.500000	3.000000	67.000000	83.000000	69.900000	0.300000	4.000000	13980.000000	60.000000	
117.000000	1.500000	3.000000	69.000000	83.000000	70.200000	0.900000	4.000000	14040.000000	180.000000	
117.500000	0.500000	2.000000	62.000000	52.000000	70.500000	0.300000	3.000000	14100.000000	60.000000	
118.000000	2.000000	1.000000	74.000000	66.000000	70.800000	1.200000	2.000000	14160.000000	240.000000	
118.000000	1.000000	2.000000	65.000000	79.000000	70.800000	0.600000	3.000000	14160.000000	120.000000	
118.000000	2.500000	4.000000	58.000000	72.000000	70.800000	1.500000	5.000000	14160.000000	300.000000	
118.500000	0.500000	3.000000	69.000000	77.000000	71.100000	0.300000	4.000000	14220.000000	60.000000	
119.000000	1.000000	2.000000	62.000000	69.000000	71.400000	0.600000	3.000000	14280.000000	120.000000	
119.000000	0.500000	3.000000	67.000000	73.000000	71.400000	0.300000	4.000000	14280.000000	60.000000	
119.500000	0.500000	3.000000	65.000000	74.000000	71.700000	0.300000	4.000000	14340.000000	60.000000	
120.000000	2.000000	1.000000	73.000000	70.000000	72.000000	1.200000	2.000000	14400.000000	240.000000	
120.000000	1.000000	2.000000	67.000000	82.000000	72.000000	0.600000	3.000000	14400.000000	120.000000	
120.000000	2.000000	3.000000	64.000000	70.000000	72.000000	1.200000	4.000000	14400.000000	240.000000	
120.500000	0.500000	4.000000	58.000000	70.000000	72.300000	0.300000	5.000000	14460.000000	60.000000	
121.000000	1.000000	2.000000	70.000000	82.000000	72.600000	0.600000	3.000000	14520.000000	120.000000	
121.000000	0.500000	4.000000	57.000000	71.000000	72.600000	0.300000	5.000000	14520.000000	60.000000	
121.500000	0.500000	4.000000	55.000000	76.000000	72.900000	0.300000	5.000000	14580.000000	60.000000	
122.000000	1.000000	1.000000	74.000000	77.000000	73.200000	0.600000	2.000000	14640.000000	120.000000	
122.000000	1.000000	2.000000	69.000000	71.000000	73.200000	0.600000	3.000000	14640.000000	120.000000	
122.000000	1.000000	3.000000	65.000000	79.000000	73.200000	0.600000	4.000000	14640.000000	120.000000	
122.000000	0.500000	4.000000	53.000000	75.000000	73.200000	0.300000	5.000000	14640.000000	60.000000	
122.500000	0.500000	4.000000	55.000000	80.000000	73.500000	0.300000	5.000000	14700.000000	60.000000	
123.000000	1.000000	1.000000	76.000000	82.000000	73.800000	0.600000	2.000000	14760.000000	120.000000	
123.000000	1.000000	2.000000	67.000000	71.000000	73.800000	0.600000	3.000000	14760.000000	120.000000	
123.000000	1.000000	3.000000	61.000000	67.000000	73.800000	0.600000	4.000000	14760.000000	120.000000	
123.000000	0.500000	4.000000	53.000000	74.000000	73.800000	0.300000	5.000000	14760.000000	60.000000	
123.500000	0.500000	4.000000	52.000000	70.000000	74.100000	0.300000	5.000000	14820.000000	60.000000	
124.000000	2.500000	1.000000	77.000000	81.000000	74.400000	1.500000	2.000000	14880.000000	300.000000	
124.000000	1.000000	2.000000	65.000000	74.000000	74.400000	0.600000	3.000000	14880.000000	120.000000	
124.000000	0.500000	3.000000	62.000000	84.000000	74.400000	0.300000	4.000000	14880.000000	60.000000	
124.000000	2.000000	4.000000	50.000000	75.000000	74.400000	1.200000	5.000000	14880.000000	240.000000	
124.500000	0.500000	3.000000	60.000000	73.000000	74.700000	0.300000	4.000000	14940.000000	60.000000	
125.000000	2.000000	2.000000	74.000000	93.000000	75.000000	1.200000	3.000000	15000.000000	240.000000	
125.000000	0.500000	3.000000	59.000000	75.000000	75.000000	0.300000	4.000000	15000.000000	60.000000	
125.500000	0.500000	3.000000	57.000000	71.000000	75.300000	0.300000	4.000000	15060.000000	60.000000	
126.000000	1.000000	3.000000	59.000000	78.000000	75.600000	0.600000	4.000000	15120.000000	120.000000	
126.000000	2.000000	4.000000	55.000000	79.000000	75.600000	1.200000	5.000000	15120.000000	240.000000	
126.500000	0.500000	1.000000	79.000000	81.000000	75.900000	0.300000	2.000000	15180.000000	60.000000	
127.000000	0.500000	1.000000	77.000000	71.000000	76.200000	0.300000	2.000000	15240.000000	60.000000	
127.000000	1.000000	2.000000	67.000000	65.000000	76.200000	0.600000	3.000000	15240.000000	120.000000	
127.000000	1.500000	3.000000	60.000000	79.000000	76.200000	0.900000	4.000000	15240.000000	180.000000	
127.500000	0.500000	1.000000	75.000000	66.000000	76.500000	0.300000	2.000000	15300.000000	60.000000	
128.000000	1.000000	1.000000	74.000000	74.000000	76.800000	0.600000	2.000000	15360.000000	120.000000	
128.000000	1.000000	2.000000	69.000000	83.000000	76.800000	0.600000	3.000000	15360.000000	120.000000	
128.000000	2.000000	4.000000	54.000000	72.000000	76.800000	1.200000	5.000000	15360.000000	240.000000	
128.500000	0.500000	3.000000	60.000000	80.000000	77.100000	0.300000	4.000000	15420.000000	60.000000	
129.000000	1.500000	2.000000	74.000000	84.000000	77.400000	0.900000	3.000000	15480.000000	180.000000	
129.000000	0.500000	3.000000	58.000000	68.000000	77.400000	0.300000	4.000000	15480.000000	60.000000	
129.500000	0.500000	3.000000	57.000000	74.000000	77.700000	0.300000	4.000000	15540.000000	60.000000	
130.000000	0.500000	3.000000	58.000000	74.000000	78.000000	0.300000	4.000000	15600.000000	60.000000	
130.000000	2.000000	4.000000	50.000000	72.000000	78.000000	1.200000	5.000000	15600.000000	240.000000	
130.500000	0.500000	2.000000	72.000000	70.000000	78.300000	0.300000	3.000000	15660.000000	60.000000	
130.500000	0.500000	3.000000	57.000000	77.000000	78.300000	0.300000	4.000000	15660.000000	60.000000	
131.000000	1.500000	1.000000	74.000000	69.000000	78.600000	0.900000	2.000000	15720.000000	180.000000	
131.000000	0.500000	2.000000	70.000000	68.000000	78.600000	0.300000	3.000000	15720.000000	60.000000	
131.000000	0.500000	3.000000	55.000000	71.000000	78.600000	0.300000	4.000000	15720.000000	60.000000	
131.500000	0.500000	2.000000	69.000000	70.000000	78.900000	0.300000	3.000000	15780.000000	60.000000	
131.500000	0.500000	3.000000	53.000000	78.000000	78.900000	0.300000	4.000000	15780.000000	60.000000	
132.000000	4.500000	2.000000	67.000000	70.000000	79.200000	2.700000	3.000000	15840.000000	540.000000	
132.000000	1.000000	3.000000	55.000000	77.000000	79.200000	0.600000	4.000000	15840.000000	120.000000	
132.000000	2.000000	4.000000	47.000000	69.000000	79.200000	1.200000	5.000000	15840.000000	240.000000	
132.500000	0.500000	1.000000	77.000000	83.000000	79.500000	0.300000	2.000000	15900.000000	60.000000	
133.000000	0.500000	1.000000	75.000000	72.000000	79.800000	0.300000	2.000000	15960.000000	60.000000	
133.500000	0.500000	1.000000	74.000000	74.000000	80.100000	0.300000	2.000000	16020.000000	60.000000	
134.000000	0.500000	1.000000	75.000000	78.000000	80.400000	0.300000	2.000000	16080.000000	60.000000	
134.000000	1.000000	4.000000	48.000000	79.000000	80.400000	0.600000	5.000000	16080.000000	120.000000	
134.500000	0.500000	1.000000	74.000000	69.000000	80.700000	0.300000	2.000000	16140.000000	60.000000	
135.000000	0.500000	1.000000	72.000000	73.000000	81.000000	0.300000	2.000000	16200.000000	60.000000	
135.000000	1.000000	4.000000	50.000000	80.000000	81.000000	0.600000	5.000000	16200.000000	120.000000	
135.500000	0.500000	1.000000	71.000000	69.000000	81.300000	0.300000	2.000000	16260.000000	60.000000	
136.000000	1.500000	1.000000	72.000000	78.000000	81.600000	0.900000	2.000000	16320.000000	180.000000	
136.000000	2.500000	4.000000	51.000000	78.000000	81.600000	1.500000	5.000000	16320.000000	300.000000	
136.500000	0.500000	2.000000	67.000000	79.000000	81.900000	0.300000	3.000000	16380.000000	60.000000	
137.000000	1.500000	2.000000	69.000000	85.000000	82.200000	0.900000	3.000000	16440.000000	180.000000	
137.500000	0.500000	1.000000	75.000000	82.000000	82.500000	0.300000	2.000000	16500.000000	60.000000	
138.000000	1.500000	1.000000	69.000000	62.000000	82.800000	0.900000	2.000000	16560.000000	180.000000	
138.500000	0.500000	2.000000	69.000000	76.000000	83.100000	0.300000	3.000000	16620.000000	60.000000	
138.500000	0.500000	4.000000	53.000000	80.000000	83.100000	0.300000	5.000000	16620.000000	60.000000	
139.000000	1.500000	2.000000	65.000000	71.000000	83.400000	0.900000	3.000000	16680.000000	180.000000	
139.000000	0.500000	4.000000	51.000000	74.000000	83.400000	0.300000	5.000000	16680.000000	60.000000	
139.500000	0.500000	1.000000	71.000000	74.000000	83.700000	0.300000	2.000000	16740.000000	60.000000	
139.500000	0.500000	4.000000	50.000000	76.000000	83.700000	0.300000	5.000000	16740.000000	60.000000	
140.000000	1.500000	1.000000	72.000000	80.000000	84.000000	0.900000	2.000000	16800.000000	180.000000	
140.000000	2.500000	4.000000	48.000000	78.000000	84.000000	1.500000	5.000000	16800.000000	300.000000	
140.500000	0.500000	2.000000	62.000000	71.000000	84.300000	0.300000	3.000000	16860.000000	60.000000	
141.000000	1.000000	2.000000	63.000000	75.000000	84.600000	0.600000	3.000000	16920.000000	120.000000	
141.500000	0.500000	1.000000	69.000000	72.000000	84.900000	0.300000	2.000000	16980.000000	60.000000	
142.000000	1.500000	1.000000	66.000000	71.000000	85.200000	0.900000	2.000000	17040.000000	180.000000	
142.000000	2.500000	2.000000	62.000000	72.000000	85.200000	1.500000	3.000000	17040.000000	300.000000	
142.500000	0.500000	4.000000	45.000000	70.000000	85.500000	0.300000	5.000000	17100.000000	60.000000	
143.000000	1.000000	4.000000	46.000000	74.000000	85.800000	0.600000	5.000000	17160.000000	120.000000	
143.500000	0.500000	1.000000	74.000000	89.000000	86.100000	0.300000	2.000000	17220.000000	60.000000	
144.000000	1.500000	1.000000	67.000000	66.000000	86.400000	0.900000	2.000000	17280.000000	180.000000	
144.000000	2.500000	4.000000	51.000000	80.000000	86.400000	1.500000	5.000000	17280.000000	300.000000	
144.500000	0.500000	2.000000	58.000000	71.000000	86.700000	0.300000	3.000000	17340.000000	60.000000	
145.000000	1.000000	2.000000	60.000000	82.000000	87.000000	0.600000	3.000000	17400.000000	120.000000	
145.500000	0.500000	1.000000	70.000000	85.000000	87.300000	0.300000	2.000000	17460.000000	60.000000	
146.000000	1.500000	1.000000	69.000000	71.000000	87.600000	0.900000	2.000000	17520.000000	180.000000	
146.000000	2.500000	2.000000	65.000000	82.000000	87.600000	1.500000	3.000000	17520.000000	300.000000	
146.500000	0.500000	4.000000	48.000000	72.000000	87.900000	0.300000	5.000000	17580.000000	60.000000	
147.000000	1.000000	4.000000	50.000000	81.000000	88.200000	0.600000	5.000000	17640.000000	120.000000	
147.500000	0.500000	1.000000	77.000000	86.000000	88.500000	0.300000	2.000000	17700.000000	60.000000	
148.000000	1.500000	1.000000	70.000000	70.000000	88.800000	0.900000	2.000000	17760.000000	180.000000	
148.000000	2.500000	4.000000	55.000000	86.000000	88.800000	1.500000	5.000000	17760.000000	300.000000	
148.500000	0.500000	2.000000	62.000000	71.000000	89.100000	0.300000	3.000000	17820.000000	60.000000	
149.000000	1.000000	2.000000	64.000000	73.000000	89.400000	0.600000	3.000000	17880.000000	120.000000	
149.500000	0.500000	1.000000	74.000000	85.000000	89.700000	0.300000	2.000000	17940.000000	60.000000	
150.000000	1.500000	1.000000	72.000000	75.000000	90.000000	0.900000	2.000000	18000.000000	180.000000	
150.000000	2.500000	2.000000	69.000000	88.000000	90.000000	1.500000	3.000000	18000.000000	300.000000	
150.500000	0.500000	4.000000	52.000000	70.000000	90.300000	0.300000	5.000000	18060.000000	60.000000	
151.000000	1.000000	4.000000	53.000000	81.000000	90.600000	0.600000	5.000000	18120.000000	120.000000	
151.500000	0.500000	1.000000	81.000000	93.000000	90.900000	0.300000	2.000000	18180.000000	60.000000	
152.000000	1.500000	1.000000	74.000000	66.000000	91.200000	0.900000	2.000000	18240.000000	180.000000	
152.000000	2.500000	4.000000	58.000000	83.000000	91.200000	1.500000	5.000000	18240.000000	300.000000	
152.500000	0.500000	2.000000	66.000000	70.000000	91.500000	0.300000	3.000000	18300.000000	60.000000	
153.000000	1.000000	2.000000	67.000000	84.000000	91.800000	0.600000	3.000000	18360.000000	120.000000	
153.500000	0.500000	1.000000	77.000000	81.000000	92.100000	0.300000	2.000000	18420.000000	60.000000	
154.000000	1.500000	1.000000	76.000000	76.000000	92.400000	0.900000	2.000000	18480.000000	180.000000	
154.000000	2.500000	2.000000	72.000000	81.000000	92.400000	1.500000	3.000000	18480.000000	300.000000	
154.500000	0.500000	4.000000	55.000000	73.000000	92.700000	0.300000	5.000000	18540.000000	60.000000	
155.000000	1.000000	4.000000	57.000000	77.000000	93.000000	0.600000	5.000000	18600.000000	120.000000	
155.500000	0.500000	1.000000	84.000000	89.000000	93.300000	0.300000	2.000000	18660.000000	60.000000	
156.000000	2.000000	1.000000	78.000000	66.000000	93.600000	1.200000	2.000000	18720.000000	240.000000	
156.000000	2.000000	3.000000	57.000000	67.000000	93.600000	1.200000	4.000000	18720.000000	240.000000	
156.000000	1.500000	4.000000	50.000000	72.000000	93.600000	0.900000	5.000000	18720.000000	180.000000	
156.500000	0.500000	2.000000	74.000000	80.000000	93.900000	0.300000	3.000000	18780.000000	60.000000	
157.000000	1.000000	2.000000	75.000000	86.000000	94.200000	0.600000	3.000000	18840.000000	120.000000	
157.500000	0.500000	4.000000	60.000000	93.000000	94.500000	0.300000	5.000000	18900.000000	60.000000	
158.000000	1.000000	1.000000	79.000000	76.000000	94.800000	0.600000	2.000000	18960.000000	120.000000	
158.000000	4.500000	2.000000	74.000000	74.000000	94.800000	2.700000	3.000000	18960.000000	540.000000	
158.000000	2.000000	3.000000	62.000000	89.000000	94.800000	1.200000	4.000000	18960.000000	240.000000	
158.000000	0.500000	4.000000	58.000000	78.000000	94.800000	0.300000	5.000000	18960.000000	60.000000	
158.500000	0.500000	4.000000	57.000000	75.000000	95.100000	0.300000	5.000000	19020.000000	60.000000	
159.000000	1.500000	1.000000	81.000000	77.000000	95.400000	0.900000	2.000000	19080.000000	180.000000	
159.000000	0.500000	4.000000	55.000000	73.000000	95.400000	0.300000	5.000000	19080.000000	60.000000	
159.500000	0.500000	4.000000	54.000000	75.000000	95.700000	0.300000	5.000000	19140.000000	60.000000	
160.000000	2.000000	3.000000	58.000000	74.000000	96.000000	1.200000	4.000000	19200.000000	240.000000	
160.000000	1.500000	4.000000	55.000000	76.000000	96.000000	0.900000	5.000000	19200.000000	180.000000	
160.500000	0.500000	1.000000	78.000000	69.000000	96.300000	0.300000	2.000000	19260.000000	60.000000	
161.000000	2.500000	1.000000	79.000000	78.000000	96.600000	1.500000	2.000000	19320.000000	300.000000	
161.500000	0.500000	4.000000	46.000000	65.000000	96.900000	0.300000	5.000000	19380.000000	60.000000	
162.000000	2.000000	3.000000	55.000000	70.000000	97.200000	1.200000	4.000000	19440.000000	240.000000	
162.000000	2.000000	4.000000	51.000000	79.000000	97.200000	1.200000	5.000000	19440.000000	240.000000	
162.500000	0.500000	2.000000	70.000000	71.000000	97.500000	0.300000	3.000000	19500.000000	60.000000	
163.000000	1.000000	2.000000	72.000000	83.000000	97.800000	0.600000	3.000000	19560.000000	120.000000	
163.500000	0.500000	1.000000	81.000000	82.000000	98.100000	0.300000	2.000000	19620.000000	60.000000	
164.000000	0.500000	1.000000	82.000000	77.000000	98.400000	0.300000	2.000000	19680.000000	60.000000	
164.000000	1.500000	2.000000	74.000000	85.000000	98.400000	0.900000	3.000000	19680.000000	180.000000	
164.000000	2.000000	3.000000	54.000000	73.000000	98.400000	1.200000	4.000000	19680.000000	240.000000	
164.000000	5.500000	4.000000	50.000000	72.000000	98.400000	3.300000	5.000000	19680.000000	660.000000	
164.500000	0.500000	1.000000	81.000000	72.000000	98.700000	0.300000	2.000000	19740.000000	60.000000	
165.000000	1.500000	1.000000	84.000000	76.000000	99.000000	0.900000	2.000000	19800.000000	180.000000	
165.500000	0.500000	2.000000	75.000000	81.000000	99.300000	0.300000	3.000000	19860.000000	60.000000	
166.000000	1.000000	2.000000	74.000000	73.000000	99.600000	0.600000	3.000000	19920.000000	120.000000	
166.000000	1.000000	3.000000	55.000000	74.000000	99.600000	0.600000	4.000000	19920.000000	120.000000	
166.500000	0.500000	1.000000	82.000000	72.000000	99.900000	0.300000	2.000000	19980.000000	60.000000	
167.000000	0.500000	1.000000	81.000000	73.000000	100.200000	0.300000	2.000000	20040.000000	60.000000	
167.000000	2.000000	2.000000	72.000000	74.000000	100.200000	1.200000	3.000000	20040.000000	240.000000	
167.000000	1.000000	3.000000	57.000000	78.000000	100.200000	0.600000	4.000000	20040.000000	120.000000	
167.500000	0.500000	1.000000	79.000000	69.000000	100.500000	0.300000	2.000000	20100.000000	60.000000	
168.000000	0.500000	1.000000	78.000000	68.000000	100.800000	0.300000	2.000000	20160.000000	60.000000	
168.000000	2.500000	3.000000	58.000000	75.000000	100.800000	1.500000	4.000000	20160.000000	300.000000	
168.500000	0.500000	1.000000	74.000000	66.000000	101.100000	0.300000	2.000000	20220.000000	60.000000	
169.000000	1.500000	1.000000	79.000000	84.000000	101.400000	0.900000	2.000000	20280.000000	180.000000	
169.000000	0.500000	2.000000	70.000000	63.000000	101.400000	0.300000	3.000000	20280.000000	60.000000	
169.500000	0.500000	2.000000	67.000000	63.000000	101.700000	0.300000	3.000000	20340.000000	60.000000	
169.500000	0.500000	4.000000	51.000000	80.000000	101.700000	0.300000	5.000000	20340.000000	60.000000	
170.000000	1.500000	2.000000	74.000000	93.000000	102.000000	0.900000	3.000000	20400.000000	180.000000	
170.000000	0.500000	4.000000	50.000000	74.000000	102.000000	0.300000	5.000000	20400.000000	60.000000	
170.500000	0.500000	1.000000	76.000000	74.000000	102.300000	0.300000	2.000000	20460.000000	60.000000	
170.500000	0.500000	3.000000	60.000000	80.000000	102.300000	0.300000	4.000000	20460.000000	60.000000	
170.500000	0.500000	4.000000	48.000000	72.000000	102.300000	0.300000	5.000000	20460.000000	60.000000	
171.000000	2.000000	1.000000	77.000000	81.000000	102.600000	1.200000	2.000000	20520.000000	240.000000	
171.000000	0.500000	3.000000	58.000000	77.000000	102.600000	0.300000	4.000000	20520.000000	60.000000	
171.000000	1.000000	4.000000	50.000000	78.000000	102.600000	0.600000	5.000000	20520.000000	120.000000	
171.500000	0.500000	2.000000	72.000000	71.000000	102.900000	0.300000	3.000000	20580.000000	60.000000	
171.500000	0.500000	3.000000	57.000000	76.000000	102.900000	0.300000	4.000000	20580.000000	60.000000	
172.000000	0.500000	2.000000	71.000000	72.000000	103.200000	0.300000	3.000000	20640.000000	60.000000	
172.000000	3.000000	3.000000	55.000000	73.000000	103.200000	1.800000	4.000000	20640.000000	360.000000	
172.000000	1.500000	4.000000	51.000000	78.000000	103.200000	0.900000	5.000000	20640.000000	180.000000	
172.500000	0.500000	2.000000	67.000000	68.000000	103.500000	0.300000	3.000000	20700.000000	60.000000	
173.000000	1.000000	1.000000	75.000000	69.000000	103.800000	0.600000	2.000000	20760.000000	120.000000	
173.000000	1.500000	2.000000	72.000000	83.000000	103.800000	0.900000	3.000000	20760.000000	180.000000	
173.500000	0.500000	4.000000	48.000000	75.000000	104.100000	0.300000	5.000000	20820.000000	60.000000	
174.000000	1.000000	1.000000	74.000000	69.000000	104.400000	0.600000	2.000000	20880.000000	120.000000	
174.000000	3.000000	4.000000	55.000000	82.000000	104.400000	1.800000	5.000000	20880.000000	360.000000	
174.500000	0.500000	2.000000	69.000000	70.000000	104.700000	0.300000	3.000000	20940.000000	60.000000	
175.000000	1.500000	2.000000	70.000000	78.000000	105.000000	0.900000	3.000000	21000.000000	180.000000	
175.000000	0.500000	3.000000	62.000000	87.000000	105.000000	0.300000	4.000000	21000.000000	60.000000	
175.500000	0.500000	3.000000	58.000000	75.000000	105.300000	0.300000	4.000000	21060.000000	60.000000	
176.000000	1.500000	3.000000	63.000000	88.000000	105.600000	0.900000	4.000000	21120.000000	180.000000	
176.500000	0.500000	2.000000	67.000000	66.000000	105.900000	0.300000	3.000000	21180.000000	60.000000	
177.000000	1.500000	2.000000	72.000000	86.000000	106.200000	0.900000	3.000000	21240.000000	180.000000	
177.000000	2.000000	4.000000	57.000000	81.000000	106.200000	1.200000	5.000000	21240.000000	240.000000	
177.500000	0.500000	3.000000	60.000000	76.000000	106.500000	0.300000	4.000000	21300.000000	60.000000	
178.000000	1.500000	3.000000	65.000000	89.000000	106.800000	0.900000	4.000000	21360.000000	180.000000	
178.500000	0.500000	2.000000	69.000000	75.000000	107.100000	0.300000	3.000000	21420.000000	60.000000	
179.000000	1.500000	2.000000	74.000000	87.000000	107.400000	0.900000	3.000000	21480.000000	180.000000	
179.000000	2.500000	4.000000	58.000000	78.000000	107.400000	1.500000	5.000000	21480.000000	300.000000	
179.500000	0.500000	3.000000	62.000000	74.000000	107.700000	0.300000	4.000000	21540.000000	60.000000	
180.000000	1.000000	3.000000	67.000000	88.000000	108.000000	0.600000	4.000000	21600.000000	120.000000	
180.500000	0.500000	2.000000	70.000000	71.000000	108.300000	0.300000	3.000000	21660.000000	60.000000	
181.000000	1.500000	2.000000	75.000000	85.000000	108.600000	0.900000	3.000000	21720.000000	180.000000	
181.000000	1.000000	3.000000	60.000000	63.000000	108.600000	0.600000	4.000000	21720.000000	120.000000	
181.500000	0.500000	4.000000	55.000000	73.000000	108.900000	0.300000	5.000000	21780.000000	60.000000	
182.000000	1.000000	3.000000	65.000000	86.000000	109.200000	0.600000	4.000000	21840.000000	120.000000	
182.000000	1.500000	4.000000	57.000000	77.000000	109.200000	0.900000	5.000000	21840.000000	180.000000	
182.500000	0.500000	2.000000	72.000000	71.000000	109.500000	0.300000	3.000000	21900.000000	60.000000	
183.000000	1.500000	2.000000	74.000000	83.000000	109.800000	0.900000	3.000000	21960.000000	180.000000	
183.000000	1.000000	3.000000	58.000000	70.000000	109.800000	0.600000	4.000000	21960.000000	120.000000	
183.500000	0.500000	4.000000	54.000000	75.000000	110.100000	0.300000	5.000000	22020.000000	60.000000	
184.000000	1.000000	3.000000	63.000000	84.000000	110.400000	0.600000	4.000000	22080.000000	120.000000	
184.000000	1.500000	4.000000	55.000000	76.000000	110.400000	0.900000	5.000000	22080.000000	180.000000	
184.500000	0.500000	2.000000	70.000000	63.000000	110.700000	0.300000	3.000000	22140.000000	60.000000	
185.000000	2.000000	2.000000	72.000000	78.000000	111.000000	1.200000	3.000000	22200.000000	240.000000	
185.000000	1.000000	3.000000	57.000000	73.000000	111.000000	0.600000	4.000000	22200.000000	120.000000	
185.500000	0.500000	4.000000	52.000000	74.000000	111.300000	0.300000	5.000000	22260.000000	60.000000	
186.000000	2.000000	3.000000	62.000000	86.000000	111.600000	1.200000	4.000000	22320.000000	240.000000	
186.000000	0.500000	4.000000	54.000000	83.000000	111.600000	0.300000	5.000000	22320.000000	60.000000	
186.500000	0.500000	4.000000	50.000000	73.000000	111.900000	0.300000	5.000000	22380.000000	60.000000	
187.000000	0.500000	2.000000	70.000000	71.000000	112.200000	0.300000	3.000000	22440.000000	60.000000	
187.000000	1.500000	4.000000	55.000000	84.000000	112.200000	0.900000	5.000000	22440.000000	180.000000	
187.500000	0.500000	2.000000	67.000000	74.000000	112.500000	0.300000	3.000000	22500.000000	60.000000	
188.000000	2.000000	2.000000	74.000000	91.000000	112.800000	1.200000	3.000000	22560.000000	240.000000	
188.000000	1.000000	3.000000	57.000000	74.000000	112.800000	0.600000	4.000000	22560.000000	120.000000	
188.500000	0.500000	4.000000	53.000000	74.000000	113.100000	0.300000	5.000000	22620.000000	60.000000	
189.000000	1.500000	3.000000	62.000000	86.000000	113.400000	0.900000	4.000000	22680.000000	180.000000	
189.000000	0.500000	4.000000	52.000000	78.000000	113.400000	0.300000	5.000000	22680.000000	60.000000	
189.500000	0.500000	4.000000	50.000000	75.000000	113.700000	0.300000	5.000000	22740.000000	60.000000	
190.000000	2.500000	2.000000	79.000000	87.000000	114.000000	1.500000	3.000000	22800.000000	300.000000	
190.000000	2.000000	4.000000	52.000000	79.000000	114.000000	1.200000	5.000000	22800.000000	240.000000	
190.500000	0.500000	3.000000	61.000000	78.000000	114.300000	0.300000	4.000000	22860.000000	60.000000	
191.000000	0.500000	3.000000	59.000000	75.000000	114.600000	0.300000	4.000000	22920.000000	60.000000	
191.500000	0.500000	3.000000	61.000000	80.000000	114.900000	0.300000	4.000000	22980.000000	60.000000	
192.000000	2.000000	1.000000	81.000000	71.000000	115.200000	1.200000	2.000000	23040.000000	240.000000	
192.000000	1.500000	3.000000	62.000000	82.000000	115.200000	0.900000	4.000000	23040.000000	180.000000	
192.000000	1.000000	4.000000	50.000000	77.000000	115.200000	0.600000	5.000000	23040.000000	120.000000	
192.500000	0.500000	2.000000	78.000000	72.000000	115.500000	0.300000	3.000000	23100.000000	60.000000	
193.000000	0.500000	2.000000	76.000000	71.000000	115.800000	0.300000	3.000000	23160.000000	60.000000	
193.500000	0.500000	2.000000	78.000000	78.000000	116.100000	0.300000	3.000000	23220.000000	60.000000	
193.500000	0.500000	3.000000	60.000000	73.000000	116.100000	0.300000	4.000000	23220.000000	60.000000	
194.000000	2.000000	1.000000	86.000000	87.000000	116.400000	1.200000	2.000000	23280.000000	240.000000	
194.000000	0.500000	2.000000	79.000000	79.000000	116.400000	0.300000	3.000000	23280.000000	60.000000	
194.000000	0.500000	3.000000	58.000000	70.000000	116.400000	0.300000	4.000000	23280.000000	60.000000	
194.500000	0.500000	2.000000	74.000000	67.000000	116.700000	0.300000	3.000000	23340.000000	60.000000	
194.500000	0.500000	3.000000	57.000000	71.000000	116.700000	0.300000	4.000000	23340.000000	60.000000	
195.000000	1.500000	2.000000	81.000000	84.000000	117.000000	0.900000	3.000000	23400.000000	180.000000	
195.000000	0.500000	3.000000	55.000000	72.000000	117.000000	0.300000	4.000000	23400.000000	60.000000	
195.500000	0.500000	3.000000	54.000000	77.000000	117.300000	0.300000	4.000000	23460.000000	60.000000	
196.000000	2.000000	1.000000	82.000000	65.000000	117.600000	1.200000	2.000000	23520.000000	240.000000	
196.000000	1.000000	3.000000	55.000000	76.000000	117.600000	0.600000	4.000000	23520.000000	120.000000	
196.500000	0.500000	2.000000	74.000000	64.000000	117.900000	0.300000	3.000000	23580.000000	60.000000	
197.000000	1.500000	2.000000	79.000000	86.000000	118.200000	0.900000	3.000000	23640.000000	180.000000	
197.000000	0.500000	3.000000	58.000000	77.000000	118.200000	0.300000	4.000000	23640.000000	60.000000	
197.500000	0.500000	3.000000	55.000000	78.000000	118.500000	0.300000	4.000000	23700.000000	60.000000	
198.000000	2.000000	1.000000	79.000000	68.000000	118.800000	1.200000	2.000000	23760.000000	240.000000	
198.000000	1.000000	3.000000	63.000000	88.000000	118.800000	0.600000	4.000000	23760.000000	120.000000	
198.500000	0.500000	2.000000	70.000000	61.000000	119.100000	0.300000	3.000000	23820.000000	60.000000	
199.000000	1.500000	2.000000	75.000000	82.000000	119.400000	0.900000	3.000000	23880.000000	180.000000	
199.000000	0.500000	3.000000	60.000000	72.000000	119.400000	0.300000	4.000000	23880.000000	60.000000	
199.500000	0.500000	3.000000	57.000000	72.000000	119.700000	0.300000	4.000000	23940.000000	60.000000	
200.000000	2.000000	1.000000	78.000000	74.000000	120.000000	1.200000	2.000000	24000.000000	240.000000	
200.000000	1.500000	3.000000	62.000000	88.000000	120.000000	0.900000	4.000000	24000.000000	180.000000	
200.500000	0.500000	2.000000	69.000000	59.000000	120.300000	0.300000	3.000000	24060.000000	60.000000	
201.000000	1.500000	2.000000	74.000000	85.000000	120.600000	0.900000	3.000000	24120.000000	180.000000	
201.500000	0.500000	3.000000	70.000000	95.000000	120.900000	0.300000	4.000000	24180.000000	60.000000	
202.000000	1.000000	1.000000	79.000000	81.000000	121.200000	0.600000	2.000000	24240.000000	120.000000	
202.000000	1.000000	3.000000	64.000000	65.000000	121.200000	0.600000	4.000000	24240.000000	120.000000	
202.500000	0.500000	2.000000	72.000000	74.000000	121.500000	0.300000	3.000000	24300.000000	60.000000	
203.000000	1.000000	1.000000	81.000000	83.000000	121.800000	0.600000	2.000000	24360.000000	120.000000	
203.000000	0.500000	2.000000	70.000000	66.000000	121.800000	0.300000	3.000000	24360.000000	60.000000	
203.000000	1.000000	3.000000	66.000000	82.000000	121.800000	0.600000	4.000000	24360.000000	120.000000	
203.500000	0.500000	2.000000	69.000000	71.000000	122.100000	0.300000	3.000000	24420.000000	60.000000	
204.000000	2.500000	1.000000	82.000000	81.000000	122.400000	1.500000	2.000000	24480.000000	300.000000	
204.000000	0.500000	2.000000	67.000000	72.000000	122.400000	0.300000	3.000000	24480.000000	60.000000	
204.000000	1.000000	3.000000	67.000000	76.000000	122.400000	0.600000	4.000000	24480.000000	120.000000	
204.500000	0.500000	2.000000	74.000000	88.000000	122.700000	0.300000	3.000000	24540.000000	60.000000	
205.000000	0.500000	2.000000	79.000000	87.000000	123.000000	0.300000	3.000000	24600.000000	60.000000	
205.000000	0.500000	3.000000	64.000000	70.000000	123.000000	0.300000	4.000000	24600.000000	60.000000	
205.500000	0.500000	2.000000	76.000000	74.000000	123.300000	0.300000	3.000000	24660.000000	60.000000	
205.500000	0.500000	3.000000	60.000000	67.000000	123.300000	0.300000	4.000000	24660.000000	60.000000	
206.000000	0.500000	2.000000	72.000000	64.000000	123.600000	0.300000	3.000000	24720.000000	60.000000	
206.000000	1.000000	3.000000	65.000000	86.000000	123.600000	0.600000	4.000000	24720.000000	120.000000	
206.500000	0.500000	1.000000	84.000000	79.000000	123.900000	0.300000	2.000000	24780.000000	60.000000	
206.500000	0.500000	2.000000	69.000000	67.000000	123.900000	0.300000	3.000000	24780.000000	60.000000	
207.000000	0.500000	1.000000	82.000000	73.000000	124.200000	0.300000	2.000000	24840.000000	60.000000	
207.000000	2.000000	2.000000	77.000000	89.000000	124.200000	1.200000	3.000000	24840.000000	240.000000	
207.000000	0.500000	3.000000	62.000000	68.000000	124.200000	0.300000	4.000000	24840.000000	60.000000	
207.500000	0.500000	1.000000	81.000000	72.000000	124.500000	0.300000	2.000000	24900.000000	60.000000	
207.500000	0.500000	3.000000	58.000000	73.000000	124.500000	0.300000	4.000000	24900.000000	60.000000	
208.000000	1.500000	1.000000	79.000000	67.000000	124.800000	0.900000	2.000000	24960.000000	180.000000	
208.000000	0.500000	3.000000	63.000000	89.000000	124.800000	0.300000	4.000000	24960.000000	60.000000	
208.500000	0.500000	3.000000	67.000000	87.000000	125.100000	0.300000	4.000000	25020.000000	60.000000	
209.000000	1.000000	2.000000	75.000000	73.000000	125.400000	0.600000	3.000000	25080.000000	120.000000	
209.000000	1.500000	3.000000	72.000000	88.000000	125.400000	0.900000	4.000000	25080.000000	180.000000	
209.500000	0.500000	1.000000	81.000000	84.000000	125.700000	0.300000	2.000000	25140.000000	60.000000	
210.000000	1.000000	1.000000	78.000000	75.000000	126.000000	0.600000	2.000000	25200.000000	120.000000	
210.000000	2.000000	2.000000	74.000000	72.000000	126.000000	1.200000	3.000000	25200.000000	240.000000	
210.500000	0.500000	3.000000	69.000000	71.000000	126.300000	0.300000	4.000000	25260.000000	60.000000	
211.000000	0.500000	1.000000	79.000000	84.000000	126.600000	0.300000	2.000000	25320.000000	60.000000	
211.000000	1.500000	3.000000	70.000000	81.000000	126.600000	0.900000	4.000000	25320.000000	180.000000	
211.500000	0.500000	1.000000	82.000000	80.000000	126.900000	0.300000	2.000000	25380.000000	60.000000	
212.000000	2.500000	1.000000	75.000000	65.000000	127.200000	1.500000	2.000000	25440.000000	300.000000	
212.000000	1.500000	2.000000	72.000000	73.000000	127.200000	0.900000	3.000000	25440.000000	180.000000	
212.500000	0.500000	3.000000	70.000000	76.000000	127.500000	0.300000	4.000000	25500.000000	60.000000	
213.000000	0.500000	3.000000	69.000000	70.000000	127.800000	0.300000	4.000000	25560.000000	60.000000	
213.500000	0.500000	2.000000	70.000000	74.000000	128.100000	0.300000	3.000000	25620.000000	60.000000	
213.500000	0.500000	3.000000	67.000000	76.000000	128.100000	0.300000	4.000000	25620.000000	60.000000	
214.000000	3.000000	2.000000	69.000000	74.000000	128.400000	1.800000	3.000000	25680.000000	360.000000	
214.000000	2.000000	3.000000	66.000000	74.000000	128.400000	1.200000	4.000000	25680.000000	240.000000	
214.500000	0.500000	1.000000	75.000000	81.000000	128.700000	0.300000	2.000000	25740.000000	60.000000	
215.000000	0.500000	1.000000	74.000000	77.000000	129.000000	0.300000	2.000000	25800.000000	60.000000	
215.500000	0.500000	1.000000	72.000000	73.000000	129.300000	0.300000	2.000000	25860.000000	60.000000	
216.000000	2.000000	1.000000	70.000000	70.000000	129.600000	1.200000	2.000000	25920.000000	240.000000	
216.000000	0.500000	3.000000	67.000000	84.000000	129.600000	0.300000	4.000000	25920.000000	60.000000	
216.500000	0.500000	3.000000	65.000000	71.000000	129.900000	0.300000	4.000000	25980.000000	60.000000	
217.000000	0.500000	2.000000	67.000000	73.000000	130.200000	0.300000	3.000000	26040.000000	60.000000	
217.000000	0.500000	3.000000	63.000000	72.000000	130.200000	0.300000	4.000000	26040.000000	60.000000	
217.500000	0.500000	2.000000	66.000000	74.000000	130.500000	0.300000	3.000000	26100.000000	60.000000	
217.500000	0.500000	3.000000	62.000000	74.000000	130.500000	0.300000	4.000000	26100.000000	60.000000	
218.000000	2.000000	1.000000	75.000000	83.000000	130.800000	1.200000	2.000000	26160.000000	240.000000	
218.000000	1.000000	2.000000	67.000000	76.000000	130.800000	0.600000	3.000000	26160.000000	120.000000	
218.000000	0.500000	3.000000	60.000000	68.000000	130.800000	0.300000	4.000000	26160.000000	60.000000	
218.500000	0.500000	3.000000	62.000000	78.000000	131.100000	0.300000	4.000000	26220.000000	60.000000	
219.000000	2.500000	2.000000	72.000000	90.000000	131.400000	1.500000	3.000000	26280.000000	300.000000	
219.000000	0.500000	3.000000	63.000000	82.000000	131.400000	0.300000	4.000000	26280.000000	60.000000	
219.500000	0.500000	3.000000	65.000000	80.000000	131.700000	0.300000	4.000000	26340.000000	60.000000	
220.000000	3.000000	1.000000	74.000000	74.000000	132.000000	1.800000	2.000000	26400.000000	360.000000	
220.000000	0.500000	3.000000	67.000000	83.000000	132.000000	0.300000	4.000000	26400.000000	60.000000	
220.000000	2.000000	4.000000	55.000000	70.000000	132.000000	1.200000	5.000000	26400.000000	240.000000	
220.500000	0.500000	3.000000	62.000000	69.000000	132.300000	0.300000	4.000000	26460.000000	60.000000	
221.000000	1.500000	3.000000	67.000000	86.000000	132.600000	0.900000	4.000000	26520.000000	180.000000	
221.500000	0.500000	2.000000	70.000000	73.000000	132.900000	0.300000	3.000000	26580.000000	60.000000	
222.000000	1.500000	2.000000	69.000000	71.000000	133.200000	0.900000	3.000000	26640.000000	180.000000	
222.000000	2.000000	4.000000	62.000000	86.000000	133.200000	1.200000	5.000000	26640.000000	240.000000	
222.500000	0.500000	3.000000	64.000000	70.000000	133.500000	0.300000	4.000000	26700.000000	60.000000	
223.000000	1.500000	1.000000	81.000000	92.000000	133.800000	0.900000	2.000000	26760.000000	180.000000	
223.000000	1.500000	3.000000	66.000000	79.000000	133.800000	0.900000	4.000000	26760.000000	180.000000	
223.500000	0.500000	2.000000	69.000000	76.000000	134.100000	0.300000	3.000000	26820.000000	60.000000	
224.000000	3.000000	2.000000	74.000000	89.000000	134.400000	1.800000	3.000000	26880.000000	360.000000	
224.000000	2.000000	4.000000	58.000000	76.000000	134.400000	1.200000	5.000000	26880.000000	240.000000	
224.500000	0.500000	1.000000	78.000000	71.000000	134.700000	0.300000	2.000000	26940.000000	60.000000	
224.500000	0.500000	3.000000	69.000000	84.000000	134.700000	0.300000	4.000000	26940.000000	60.000000	
225.000000	0.500000	1.000000	79.000000	72.000000	135.000000	0.300000	2.000000	27000.000000	60.000000	
225.000000	0.500000	3.000000	62.000000	64.000000	135.000000	0.300000	4.000000	27000.000000	60.000000	
225.500000	0.500000	1.000000	81.000000	82.000000	135.300000	0.300000	2.000000	27060.000000	60.000000	
225.500000	0.500000	3.000000	66.000000	82.000000	135.300000	0.300000	4.000000	27060.000000	60.000000	
226.000000	0.500000	1.000000	82.000000	80.000000	135.600000	0.300000	2.000000	27120.000000	60.000000	
226.000000	1.000000	3.000000	67.000000	83.000000	135.600000	0.600000	4.000000	27120.000000	120.000000	
226.000000	2.000000	4.000000	55.000000	71.000000	135.600000	1.200000	5.000000	27120.000000	240.000000	
226.500000	0.500000	1.000000	79.000000	68.000000	135.900000	0.300000	2.000000	27180.000000	60.000000	
227.000000	1.500000	1.000000	84.000000	88.000000	136.200000	0.900000	2.000000	27240.000000	180.000000	
227.000000	0.500000	2.000000	72.000000	71.000000	136.200000	0.300000	3.000000	27240.000000	60.000000	
227.000000	0.500000	3.000000	63.000000	70.000000	136.200000	0.300000	4.000000	27240.000000	60.000000	
227.500000	0.500000	2.000000	75.000000	86.000000	136.500000	0.300000	3.000000	27300.000000	60.000000	
227.500000	0.500000	3.000000	60.000000	66.000000	136.500000	0.300000	4.000000	27300.000000	60.000000	
228.000000	2.500000	2.000000	74.000000	75.000000	136.800000	1.500000	3.000000	27360.000000	300.000000	
228.000000	2.000000	3.000000	57.000000	74.000000	136.800000	1.200000	4.000000	27360.000000	240.000000	
228.000000	2.000000	4.000000	54.000000	69.000000	136.800000	1.200000	5.000000	27360.000000	240.000000	
228.500000	0.500000	1.000000	81.000000	70.000000	137.100000	0.300000	2.000000	27420.000000	60.000000	
229.000000	0.500000	1.000000	86.000000	86.000000	137.400000	0.300000	2.000000	27480.000000	60.000000	
229.500000	0.500000	1.000000	84.000000	72.000000	137.700000	0.300000	2.000000	27540.000000	60.000000	
230.000000	0.500000	1.000000	82.000000	78.000000	138.000000	0.300000	2.000000	27600.000000	60.000000	
230.000000	1.000000	3.000000	58.000000	77.000000	138.000000	0.600000	4.000000	27600.000000	120.000000	
230.000000	1.000000	4.000000	55.000000	75.000000	138.000000	0.600000	5.000000	27600.000000	120.000000	
230.500000	0.500000	1.000000	81.000000	74.000000	138.300000	0.300000	2.000000	27660.000000	60.000000	
230.500000	0.500000	2.000000	72.000000	70.000000	138.300000	0.300000	3.000000	27660.000000	60.000000	
231.000000	0.500000	1.000000	79.000000	68.000000	138.600000	0.300000	2.000000	27720.000000	60.000000	
231.000000	0.500000	2.000000	70.000000	72.000000	138.600000	0.300000	3.000000	27720.000000	60.000000	
231.000000	1.000000	3.000000	60.000000	83.000000	138.600000	0.600000	4.000000	27720.000000	120.000000	
231.000000	1.000000	4.000000	57.000000	81.000000	138.600000	0.600000	5.000000	27720.000000	120.000000	
231.500000	0.500000	1.000000	78.000000	71.000000	138.900000	0.300000	2.000000	27780.000000	60.000000	
231.500000	0.500000	2.000000	69.000000	70.000000	138.900000	0.300000	3.000000	27780.000000	60.000000	
232.000000	0.500000	1.000000	79.000000	78.000000	139.200000	0.300000	2.000000	27840.000000	60.000000	
232.000000	3.000000	2.000000	67.000000	69.000000	139.200000	1.800000	3.000000	27840.000000	360.000000	
232.000000	2.000000	3.000000	62.000000	80.000000	139.200000	1.200000	4.000000	27840.000000	240.000000	
232.000000	2.500000	4.000000	58.000000	79.000000	139.200000	1.500000	5.000000	27840.000000	300.000000	
232.500000	0.500000	1.000000	77.000000	72.000000	139.500000	0.300000	2.000000	27900.000000	60.000000	
233.000000	0.500000	1.000000	75.000000	70.000000	139.800000	0.300000	2.000000	27960.000000	60.000000	
233.500000	0.500000	1.000000	74.000000	71.000000	140.100000	0.300000	2.000000	28020.000000	60.000000	
234.000000	2.500000	1.000000	72.000000	72.000000	140.400000	1.500000	2.000000	28080.000000	300.000000	
234.000000	1.000000	3.000000	64.000000	78.000000	140.400000	0.600000	4.000000	28080.000000	120.000000	
234.500000	0.500000	4.000000	60.000000	79.000000	140.700000	0.300000	5.000000	28140.000000	60.000000	
235.000000	1.000000	2.000000	69.000000	81.000000	141.000000	0.600000	3.000000	28200.000000	120.000000	
235.000000	1.000000	3.000000	66.000000	83.000000	141.000000	0.600000	4.000000	28200.000000	120.000000	
235.000000	0.500000	4.000000	58.000000	76.000000	141.000000	0.300000	5.000000	28200.000000	60.000000	
235.500000	0.500000	4.000000	57.000000	73.000000	141.300000	0.300000	5.000000	28260.000000	60.000000	
236.000000	1.000000	2.000000	62.000000	61.000000	141.600000	0.600000	3.000000	28320.000000	120.000000	
236.000000	1.000000	3.000000	67.000000	80.000000	141.600000	0.600000	4.000000	28320.000000	120.000000	
236.000000	2.500000	4.000000	55.000000	72.000000	141.600000	1.500000	5.000000	28320.000000	300.000000	
236.500000	0.500000	1.000000	69.000000	68.000000	141.900000	0.300000	2.000000	28380.000000	60.000000	
237.000000	0.500000	1.000000	70.000000	78.000000	142.200000	0.300000	2.000000	28440.000000	60.000000	
237.500000	0.500000	1.000000	67.000000	64.000000	142.500000	0.300000	2.000000	28500.000000	60.000000	
238.000000	2.500000	1.000000	74.000000	87.000000	142.800000	1.500000	2.000000	28560.000000	300.000000	
238.500000	0.500000	4.000000	56.000000	75.000000	143.100000	0.300000	5.000000	28620.000000	60.000000	
239.000000	1.000000	2.000000	68.000000	69.000000	143.400000	0.600000	3.000000	28680.000000	120.000000	
239.000000	1.000000	3.000000	59.000000	70.000000	143.400000	0.600000	4.000000	28680.000000	120.000000	
239.000000	0.500000	4.000000	55.000000	73.000000	143.400000	0.300000	5.000000	28680.000000	60.000000	
239.500000	0.500000	4.000000	53.000000	77.000000	143.700000	0.300000	5.000000	28740.000000	60.000000	
240.000000	2.000000	2.000000	67.000000	72.000000	144.000000	1.200000	3.000000	28800.000000	240.000000	
240.000000	0.500000	3.000000	60.000000	78.000000	144.000000	0.300000	4.000000	28800.000000	60.000000	
240.000000	2.500000	4.000000	51.000000	70.000000	144.000000	1.500000	5.000000	28800.000000	300.000000	
240.500000	0.500000	1.000000	71.000000	70.000000	144.300000	0.300000	2.000000	28860.000000	60.000000	
240.500000	0.500000	3.000000	62.000000	74.000000	144.300000	0.300000	4.000000	28860.000000	60.000000	
241.000000	0.500000	1.000000	72.000000	78.000000	144.600000	0.300000	2.000000	28920.000000	60.000000	
241.000000	1.000000	3.000000	63.000000	82.000000	144.600000	0.600000	4.000000	28920.000000	120.000000	
241.500000	0.500000	1.000000	75.000000	85.000000	144.900000	0.300000	2.000000	28980.000000	60.000000	
242.000000	2.500000	1.000000	77.000000	85.000000	145.200000	1.500000	2.000000	29040.000000	300.000000	
242.500000	0.500000	4.000000	53.000000	77.000000	145.500000	0.300000	5.000000	29100.000000	60.000000	
243.000000	1.000000	2.000000	71.000000	71.000000	145.800000	0.600000	3.000000	29160.000000	120.000000	
243.000000	1.000000	3.000000	65.000000	68.000000	145.800000	0.600000	4.000000	29160.000000	120.000000	
243.000000	0.500000	4.000000	51.000000	72.000000	145.800000	0.300000	5.000000	29160.000000	60.000000	
243.500000	0.500000	4.000000	50.000000	72.000000	146.100000	0.300000	5.000000	29220.000000	60.000000	
244.000000	0.500000	2.000000	72.000000	80.000000	146.400000	0.300000	3.000000	29280.000000	60.000000	
244.000000	2.500000	3.000000	67.000000	76.000000	146.400000	1.500000	4.000000	29280.000000	300.000000	
244.000000	3.000000	4.000000	48.000000	75.000000	146.400000	1.800000	5.000000	29280.000000	360.000000	
244.500000	0.500000	1.000000	74.000000	73.000000	146.700000	0.300000	2.000000	29340.000000	60.000000	
244.500000	0.500000	2.000000	71.000000	70.000000	146.700000	0.300000	3.000000	29340.000000	60.000000	
245.000000	0.500000	1.000000	75.000000	80.000000	147.000000	0.300000	2.000000	29400.000000	60.000000	
245.000000	1.000000	2.000000	72.000000	80.000000	147.000000	0.600000	3.000000	29400.000000	120.000000	
245.500000	0.500000	1.000000	79.000000	89.000000	147.300000	0.300000	2.000000	29460.000000	60.000000	
246.000000	1.000000	1.000000	80.000000	86.000000	147.600000	0.600000	2.000000	29520.000000	120.000000	
246.500000	1.000000	3.000000	60.000000	58.000000	147.900000	0.600000	4.000000	29580.000000	120.000000	
247.000000	1.000000	1.000000	79.000000	71.000000	148.200000	0.600000	2.000000	29640.000000	120.000000	
247.000000	1.500000	2.000000	75.000000	71.000000	148.200000	0.900000	3.000000	29640.000000	180.000000	
247.000000	1.000000	4.000000	48.000000	74.000000	148.200000	0.600000	5.000000	29640.000000	120.000000	
247.500000	0.500000	3.000000	58.000000	74.000000	148.500000	0.300000	4.000000	29700.000000	60.000000	
248.000000	1.000000	1.000000	78.000000	75.000000	148.800000	0.600000	2.000000	29760.000000	120.000000	
248.000000	1.000000	3.000000	57.000000	75.000000	148.800000	0.600000	4.000000	29760.000000	120.000000	
248.000000	11.000000	4.000000	50.000000	79.000000	148.800000	6.600000	5.000000	29760.000000	1320.000000	
248.500000	0.500000	2.000000	74.000000	74.000000	149.100000	0.300000	3.000000	29820.000000	60.000000	
249.000000	1.500000	1.000000	86.000000	90.000000	149.400000	0.900000	2.000000	29880.000000	180.000000	
249.000000	0.500000	2.000000	82.000000	89.000000	149.400000	0.300000	3.000000	29880.000000	60.000000	
249.500000	0.500000	2.000000	79.000000	75.000000	149.700000	0.300000	3.000000	29940.000000	60.000000	
250.000000	1.000000	2.000000	76.000000	73.000000	150.000000	0.600000	3.000000	30000.000000	120.000000	
250.500000	0.500000	1.000000	79.000000	62.000000	150.300000	0.300000	2.000000	30060.000000	60.000000	
251.000000	1.500000	1.000000	84.000000	83.000000	150.600000	0.900000	2.000000	30120.000000	180.000000	
251.000000	0.500000	2.000000	81.000000	84.000000	150.600000	0.300000	3.000000	30120.000000	60.000000	
251.500000	0.500000	2.000000	78.000000	73.000000	150.900000	0.300000	3.000000	30180.000000	60.000000	
252.000000	1.000000	2.000000	74.000000	68.000000	151.200000	0.600000	3.000000	30240.000000	120.000000	
252.500000	0.500000	1.000000	78.000000	66.000000	151.500000	0.300000	2.000000	30300.000000	60.000000	
253.000000	1.500000	1.000000	82.000000	83.000000	151.800000	0.900000	2.000000	30360.000000	180.000000	
253.000000	0.500000	2.000000	79.000000	82.000000	151.800000	0.300000	3.000000	30360.000000	60.000000	
253.000000	0.500000	3.000000	58.000000	69.000000	151.800000	0.300000	4.000000	30360.000000	60.000000	
253.500000	0.500000	2.000000	74.000000	69.000000	152.100000	0.300000	3.000000	30420.000000	60.000000	
253.500000	0.500000	3.000000	55.000000	69.000000	152.100000	0.300000	4.000000	30420.000000	60.000000	
254.000000	1.500000	2.000000	75.000000	78.000000	152.400000	0.900000	3.000000	30480.000000	180.000000	
254.000000	1.500000	3.000000	60.000000	82.000000	152.400000	0.900000	4.000000	30480.000000	180.000000	
254.500000	0.500000	1.000000	79.000000	73.000000	152.700000	0.300000	2.000000	30540.000000	60.000000	
255.000000	1.500000	1.000000	81.000000	84.000000	153.000000	0.900000	2.000000	30600.000000	180.000000	
255.500000	0.500000	2.000000	72.000000	68.000000	153.300000	0.300000	3.000000	30660.000000	60.000000	
255.500000	0.500000	3.000000	54.000000	68.000000	153.300000	0.300000	4.000000	30660.000000	60.000000	
256.000000	1.500000	2.000000	74.000000	79.000000	153.600000	0.900000	3.000000	30720.000000	180.000000	
256.000000	1.500000	3.000000	58.000000	76.000000	153.600000	0.900000	4.000000	30720.000000	180.000000	
256.500000	0.500000	1.000000	78.000000	68.000000	153.900000	0.300000	2.000000	30780.000000	60.000000	
257.000000	1.500000	1.000000	79.000000	79.000000	154.200000	0.900000	2.000000	30840.000000	180.000000	
257.500000	0.500000	2.000000	70.000000	64.000000	154.500000	0.300000	3.000000	30900.000000	60.000000	
257.500000	0.500000	3.000000	55.000000	73.000000	154.500000	0.300000	4.000000	30900.000000	60.000000	
258.000000	1.500000	2.000000	69.000000	72.000000	154.800000	0.900000	3.000000	30960.000000	180.000000	
258.000000	2.000000	3.000000	62.000000	91.000000	154.800000	1.200000	4.000000	30960.000000	240.000000	
258.500000	0.500000	1.000000	76.000000	70.000000	155.100000	0.300000	2.000000	31020.000000	60.000000	
259.000000	2.000000	1.000000	77.000000	80.000000	155.400000	1.200000	2.000000	31080.000000	240.000000	
259.000000	1.000000	4.000000	50.000000	83.000000	155.400000	0.600000	5.000000	31080.000000	120.000000	
259.500000	0.500000	2.000000	72.000000	80.000000	155.700000	0.300000	3.000000	31140.000000	60.000000	
260.000000	0.500000	2.000000	71.000000	76.000000	156.000000	0.300000	3.000000	31200.000000	60.000000	
260.000000	1.000000	3.000000	55.000000	75.000000	156.000000	0.600000	4.000000	31200.000000	120.000000	
260.000000	1.500000	4.000000	51.000000	75.000000	156.000000	0.900000	5.000000	31200.000000	180.000000	
260.500000	0.500000	2.000000	67.000000	68.000000	156.300000	0.300000	3.000000	31260.000000	60.000000	
261.000000	1.000000	1.000000	75.000000	71.000000	156.600000	0.600000	2.000000	31320.000000	120.000000	
261.000000	1.500000	2.000000	72.000000	87.000000	156.600000	0.900000	3.000000	31320.000000	180.000000	
261.000000	2.000000	3.000000	67.000000	96.000000	156.600000	1.200000	4.000000	31320.000000	240.000000	
261.500000	0.500000	4.000000	48.000000	73.000000	156.900000	0.300000	5.000000	31380.000000	60.000000	
262.000000	1.500000	1.000000	74.000000	71.000000	157.200000	0.900000	2.000000	31440.000000	180.000000	
262.000000	2.500000	4.000000	55.000000	83.000000	157.200000	1.500000	5.000000	31440.000000	300.000000	
262.500000	0.500000	2.000000	69.000000	74.000000	157.500000	0.300000	3.000000	31500.000000	60.000000	
263.000000	1.500000	2.000000	70.000000	84.000000	157.800000	0.900000	3.000000	31560.000000	180.000000	
263.000000	0.500000	3.000000	62.000000	69.000000	157.800000	0.300000	4.000000	31560.000000	60.000000	
263.500000	0.500000	1.000000	74.000000	74.000000	158.100000	0.300000	2.000000	31620.000000	60.000000	
263.500000	0.500000	3.000000	58.000000	70.000000	158.100000	0.300000	4.000000	31620.000000	60.000000	
264.000000	0.500000	1.000000	79.000000	85.000000	158.400000	0.300000	2.000000	31680.000000	60.000000	
264.000000	2.500000	3.000000	63.000000	84.000000	158.400000	1.500000	4.000000	31680.000000	300.000000	
264.500000	0.500000	1.000000	82.000000	84.000000	158.700000	0.300000	2.000000	31740.000000	60.000000	
264.500000	0.500000	2.000000	79.000000	91.000000	158.700000	0.300000	3.000000	31740.000000	60.000000	
264.500000	0.500000	4.000000	51.000000	71.000000	158.700000	0.300000	5.000000	31740.000000	60.000000	
265.000000	0.500000	1.000000	81.000000	74.000000	159.000000	0.300000	2.000000	31800.000000	60.000000	
265.000000	2.500000	2.000000	77.000000	78.000000	159.000000	1.500000	3.000000	31800.000000	300.000000	
265.000000	1.000000	4.000000	53.000000	73.000000	159.000000	0.600000	5.000000	31800.000000	120.000000	
265.500000	0.500000	1.000000	84.000000	82.000000	159.300000	0.300000	2.000000	31860.000000	60.000000	
266.000000	0.500000	1.000000	82.000000	72.000000	159.600000	0.300000	2.000000	31920.000000	60.000000	
266.000000	2.500000	4.000000	58.000000	82.000000	159.600000	1.500000	5.000000	31920.000000	300.000000	
266.500000	0.500000	1.000000	81.000000	69.000000	159.900000	0.300000	2.000000	31980.000000	60.000000	
266.500000	0.500000	3.000000	61.000000	71.000000	159.900000	0.300000	4.000000	31980.000000	60.000000	
267.000000	1.500000	1.000000	79.000000	70.000000	160.200000	0.900000	2.000000	32040.000000	180.000000	
267.000000	1.000000	3.000000	62.000000	73.000000	160.200000	0.600000	4.000000	32040.000000	120.000000	
267.500000	0.500000	2.000000	77.000000	77.000000	160.500000	0.300000	3.000000	32100.000000	60.000000	
268.000000	0.500000	2.000000	75.000000	70.000000	160.800000	0.300000	3.000000	32160.000000	60.000000	
268.000000	2.500000	3.000000	67.000000	94.000000	160.800000	1.500000	4.000000	32160.000000	300.000000	
268.500000	1.000000	1.000000	82.000000	85.000000	161.100000	0.600000	2.000000	32220.000000	120.000000	
268.500000	0.500000	2.000000	74.000000	74.000000	161.100000	0.300000	3.000000	32220.000000	60.000000	
268.500000	0.500000	4.000000	55.000000	74.000000	161.100000	0.300000	5.000000	32220.000000	60.000000	
269.000000	1.000000	2.000000	73.000000	71.000000	161.400000	0.600000	3.000000	32280.000000	120.000000	
269.000000	1.000000	4.000000	57.000000	74.000000	161.400000	0.600000	5.000000	32280.000000	120.000000	
269.500000	0.500000	1.000000	81.000000	73.000000	161.700000	0.300000	2.000000	32340.000000	60.000000	
270.000000	0.500000	1.000000	82.000000	82.000000	162.000000	0.300000	2.000000	32400.000000	60.000000	
270.000000	1.500000	2.000000	74.000000	79.000000	162.000000	0.900000	3.000000	32400.000000	180.000000	
270.000000	2.500000	4.000000	62.000000	84.000000	162.000000	1.500000	5.000000	32400.000000	300.000000	
270.500000	0.500000	1.000000	79.000000	72.000000	162.300000	0.300000	2.000000	32460.000000	60.000000	
270.500000	0.500000	3.000000	64.000000	70.000000	162.300000	0.300000	4.000000	32460.000000	60.000000	
271.000000	1.500000	1.000000	81.000000	87.000000	162.600000	0.900000	2.000000	32520.000000	180.000000	
271.000000	1.000000	3.000000	65.000000	79.000000	162.600000	0.600000	4.000000	32520.000000	120.000000	
271.500000	0.500000	2.000000	69.000000	66.000000	162.900000	0.300000	3.000000	32580.000000	60.000000	
272.000000	1.000000	2.000000	70.000000	77.000000	163.200000	0.600000	3.000000	32640.000000	120.000000	
272.000000	2.500000	3.000000	70.000000	90.000000	163.200000	1.500000	4.000000	32640.000000	300.000000	
272.500000	0.500000	1.000000	79.000000	71.000000	163.500000	0.300000	2.000000	32700.000000	60.000000	
272.500000	0.500000	4.000000	58.000000	71.000000	163.500000	0.300000	5.000000	32700.000000	60.000000	
273.000000	0.500000	1.000000	77.000000	71.000000	163.800000	0.300000	2.000000	32760.000000	60.000000	
273.000000	2.500000	2.000000	69.000000	75.000000	163.800000	1.500000	3.000000	32760.000000	300.000000	
273.000000	1.000000	4.000000	60.000000	83.000000	163.800000	0.600000	5.000000	32760.000000	120.000000	
273.500000	0.500000	1.000000	76.000000	71.000000	164.100000	0.300000	2.000000	32820.000000	60.000000	
274.000000	1.500000	1.000000	77.000000	78.000000	164.400000	0.900000	2.000000	32880.000000	180.000000	
274.000000	2.500000	4.000000	65.000000	86.000000	164.400000	1.500000	5.000000	32880.000000	300.000000	
274.500000	0.500000	3.000000	67.000000	71.000000	164.700000	0.300000	4.000000	32940.000000	60.000000	
275.000000	1.000000	3.000000	68.000000	74.000000	165.000000	0.600000	4.000000	33000.000000	120.000000	
275.500000	0.500000	1.000000	86.000000	96.000000	165.300000	0.300000	2.000000	33060.000000	60.000000	
275.500000	0.500000	2.000000	77.000000	95.000000	165.300000	0.300000	3.000000	33060.000000	60.000000	
276.000000	0.500000	1.000000	84.000000	72.000000	165.600000	0.300000	2.000000	33120.000000	60.000000	
276.000000	1.000000	2.000000	74.000000	73.000000	165.600000	0.600000	3.000000	33120.000000	120.000000	
276.000000	2.000000	3.000000	67.000000	75.000000	165.600000	1.200000	4.000000	33120.000000	240.000000	
276.500000	0.500000	1.000000	83.000000	74.000000	165.900000	0.300000	2.000000	33180.000000	60.000000	
276.500000	0.500000	4.000000	62.000000	70.000000	165.900000	0.300000	5.000000	33180.000000	60.000000	
277.000000	0.500000	1.000000	84.000000	83.000000	166.200000	0.300000	2.000000	33240.000000	60.000000	
277.000000	2.000000	2.000000	74.000000	75.000000	166.200000	1.200000	3.000000	33240.000000	240.000000	
277.000000	2.000000	4.000000	63.000000	81.000000	166.200000	1.200000	5.000000	33240.000000	240.000000	
277.500000	0.500000	1.000000	87.000000	82.000000	166.500000	0.300000	2.000000	33300.000000	60.000000	
278.000000	1.000000	1.000000	78.000000	60.000000	166.800000	0.600000	2.000000	33360.000000	120.000000	
278.000000	1.000000	3.000000	69.000000	79.000000	166.800000	0.600000	4.000000	33360.000000	120.000000	
282.000000	1.000000	1.000000	79.000000	66.000000	169.200000	0.600000	2.000000	33840.000000	120.000000	
282.000000	1.000000	2.000000	74.000000	69.000000	169.200000	0.600000	3.000000	33840.000000	120.000000	
282.000000	1.000000	3.000000	70.000000	65.000000	169.200000	0.600000	4.000000	33840.000000	120.000000	
282.000000	1.000000	4.000000	62.000000	66.000000	169.200000	0.600000	5.000000	33840.000000	120.000000	
286.000000	4.500000	1.000000	79.000000	67.000000	171.600000	2.700000	2.000000	34320.000000	540.000000	
286.000000	2.000000	2.000000	76.000000	70.000000	171.600000	1.200000	3.000000	34320.000000	240.000000	
286.000000	3.000000	3.000000	70.000000	68.000000	171.600000	1.800000	4.000000	34320.000000	360.000000	
286.000000	2.000000	4.000000	61.000000	70.000000	171.600000	1.200000	5.000000	34320.000000	240.000000	
288.000000	3.500000	2.000000	74.000000	69.000000	172.800000	2.100000	3.000000	34560.000000	420.000000	
288.000000	3.000000	4.000000	62.000000	84.000000	172.800000	1.800000	5.000000	34560.000000	360.000000	
289.000000	0.500000	3.000000	69.000000	73.000000	173.400000	0.300000	4.000000	34680.000000	60.000000	
289.500000	0.500000	3.000000	67.000000	72.000000	173.700000	0.300000	4.000000	34740.000000	60.000000	
290.000000	1.000000	3.000000	69.000000	78.000000	174.000000	0.600000	4.000000	34800.000000	120.000000	
290.500000	0.500000	1.000000	76.000000	67.000000	174.300000	0.300000	2.000000	34860.000000	60.000000	
291.000000	1.000000	1.000000	78.000000	82.000000	174.600000	0.600000	2.000000	34920.000000	120.000000	
291.000000	1.000000	4.000000	50.000000	65.000000	174.600000	0.600000	5.000000	34920.000000	120.000000	
291.500000	0.500000	2.000000	72.000000	71.000000	174.900000	0.300000	3.000000	34980.000000	60.000000	
292.000000	1.500000	1.000000	79.000000	81.000000	175.200000	0.900000	2.000000	35040.000000	180.000000	
292.000000	0.500000	2.000000	71.000000	67.000000	175.200000	0.300000	3.000000	35040.000000	60.000000	
292.000000	2.000000	3.000000	62.000000	68.000000	175.200000	1.200000	4.000000	35040.000000	240.000000	
292.000000	20.000000	4.000000	55.000000	82.000000	175.200000	12.000000	5.000000	35040.000000	2400.000000	
292.500000	0.500000	2.000000	72.000000	82.000000	175.500000	0.300000	3.000000	35100.000000	60.000000	
293.000000	1.500000	2.000000	74.000000	82.000000	175.800000	0.900000	3.000000	35160.000000	180.000000	
293.500000	0.500000	1.000000	77.000000	72.000000	176.100000	0.300000	2.000000	35220.000000	60.000000	
294.000000	1.500000	1.000000	75.000000	76.000000	176.400000	0.900000	2.000000	35280.000000	180.000000	
294.000000	2.000000	3.000000	67.000000	89.000000	176.400000	1.200000	4.000000	35280.000000	240.000000	
294.500000	0.500000	2.000000	72.000000	69.000000	176.700000	0.300000	3.000000	35340.000000	60.000000	
295.000000	1.500000	2.000000	77.000000	86.000000	177.000000	0.900000	3.000000	35400.000000	180.000000	
295.500000	0.500000	1.000000	74.000000	75.000000	177.300000	0.300000	2.000000	35460.000000	60.000000	
296.000000	2.500000	1.000000	67.000000	63.000000	177.600000	1.500000	2.000000	35520.000000	300.000000	
296.000000	2.000000	3.000000	63.000000	66.000000	177.600000	1.200000	4.000000	35520.000000	240.000000	
296.500000	0.500000	2.000000	71.000000	62.000000	177.900000	0.300000	3.000000	35580.000000	60.000000	
297.000000	0.500000	2.000000	72.000000	75.000000	178.200000	0.300000	3.000000	35640.000000	60.000000	
297.500000	0.500000	2.000000	75.000000	84.000000	178.500000	0.300000	3.000000	35700.000000	60.000000	
298.000000	2.000000	2.000000	68.000000	62.000000	178.800000	1.200000	3.000000	35760.000000	240.000000	
298.000000	2.000000	3.000000	60.000000	70.000000	178.800000	1.200000	4.000000	35760.000000	240.000000	
298.500000	0.500000	1.000000	72.000000	92.000000	179.100000	0.300000	2.000000	35820.000000	60.000000	
299.000000	0.500000	1.000000	74.000000	84.000000	179.400000	0.300000	2.000000	35880.000000	60.000000	
299.500000	1.000000	1.000000	77.000000	82.000000	179.700000	0.600000	2.000000	35940.000000	120.000000	
300.000000	1.000000	2.000000	67.000000	70.000000	180.000000	0.600000	3.000000	36000.000000	120.000000	
300.000000	2.000000	3.000000	59.000000	71.000000	180.000000	1.200000	4.000000	36000.000000	240.000000	
300.500000	0.500000	1.000000	75.000000	72.000000	180.300000	0.300000	2.000000	36060.000000	60.000000	
301.000000	0.500000	1.000000	77.000000	72.000000	180.600000	0.300000	2.000000	36120.000000	60.000000	
301.000000	1.000000	2.000000	62.000000	61.000000	180.600000	0.600000	3.000000	36120.000000	120.000000	
301.500000	1.000000	1.000000	80.000000	82.000000	180.900000	0.600000	2.000000	36180.000000	120.000000	
302.000000	1.000000	2.000000	63.000000	80.000000	181.200000	0.600000	3.000000	36240.000000	120.000000	
302.000000	1.000000	3.000000	60.000000	77.000000	181.200000	0.600000	4.000000	36240.000000	120.000000	
302.500000	0.500000	1.000000	79.000000	73.000000	181.500000	0.300000	2.000000	36300.000000	60.000000	
303.000000	0.500000	1.000000	83.000000	82.000000	181.800000	0.300000	2.000000	36360.000000	60.000000	
303.000000	1.000000	2.000000	65.000000	82.000000	181.800000	0.600000	3.000000	36360.000000	120.000000	
303.000000	1.000000	3.000000	62.000000	83.000000	181.800000	0.600000	4.000000	36360.000000	120.000000	
303.500000	1.000000	1.000000	86.000000	83.000000	182.100000	0.600000	2.000000	36420.000000	120.000000	
304.000000	1.000000	2.000000	67.000000	80.000000	182.400000	0.600000	3.000000	36480.000000	120.000000	
304.000000	2.500000	3.000000	63.000000	80.000000	182.400000	1.500000	4.000000	36480.000000	300.000000	
304.500000	0.250000	1.000000	84.000000	70.000000	182.700000	0.150000	2.000000	36540.000000	30.000000	
304.750000	0.250000	1.000000	86.000000	78.000000	182.850000	0.150000	2.000000	36570.000000	30.000000	
305.000000	0.500000	1.000000	87.000000	82.000000	183.000000	0.300000	2.000000	36600.000000	60.000000	
305.000000	1.500000	2.000000	60.000000	61.000000	183.000000	0.900000	3.000000	36600.000000	180.000000	
305.500000	0.500000	1.000000	78.000000	62.000000	183.300000	0.300000	2.000000	36660.000000	60.000000	
306.000000	6.000000	1.000000	79.000000	79.000000	183.600000	3.600000	2.000000	36720.000000	720.000000	
306.500000	0.500000	2.000000	75.000000	95.000000	183.900000	0.300000	3.000000	36780.000000	60.000000	
306.500000	0.500000	3.000000	67.000000	89.000000	183.900000	0.300000	4.000000	36780.000000	60.000000	
307.000000	0.500000	2.000000	74.000000	76.000000	184.200000	0.300000	3.000000	36840.000000	60.000000	
307.000000	0.500000	3.000000	65.000000	74.000000	184.200000	0.300000	4.000000	36840.000000	60.000000	
307.500000	1.000000	2.000000	72.000000	69.000000	184.500000	0.600000	3.000000	36900.000000	120.000000	
307.500000	0.500000	3.000000	63.000000	72.000000	184.500000	0.300000	4.000000	36900.000000	60.000000	
308.000000	4.000000	3.000000	62.000000	72.000000	184.800000	2.400000	4.000000	36960.000000	480.000000	
308.500000	0.500000	2.000000	71.000000	72.000000	185.100000	0.300000	3.000000	37020.000000	60.000000	
309.000000	0.500000	2.000000	69.000000	71.000000	185.400000	0.300000	3.000000	37080.000000	60.000000	
309.500000	0.500000	2.000000	72.000000	81.000000	185.700000	0.300000	3.000000	37140.000000	60.000000	
310.000000	2.000000	2.000000	71.000000	69.000000	186.000000	1.200000	3.000000	37200.000000	240.000000	
